0.158761347721;0.0
0.143316350689;0.0487643973009
0.132262489973;0.122053508145
0.0505752733976;0.155411172503
7.23742191313e-18;0.110385841591
-0.0751498080083;0.166738878762
-0.0960853926904;0.0991153715635
-0.122040884289;0.0426329174554
-0.180373536475;2.20857630104e-17
-0.097699057118;-0.0488886723866
-0.082012466959;-0.0980983124004
-0.0468074231084;-0.181469982362
-2.16807591635e-17;-0.104063311786
0.0744505555392;-0.100072862655
0.119376629621;-0.0764041088266
0.093577706462;-0.052293019611
0.162453066925;0.0
0.12715465411;0.0410225539932
0.13866812058;0.0960417206577
0.0753297153316;0.127098739
8.62783776973e-18;0.132019089707
-0.0591269145659;0.131518347442
-0.0824636964109;0.133080211961
-0.0932363902605;0.0742241702531
-0.181781930649;2.29583263609e-17
-0.125858452624;-0.048729400531
-0.0993325243677;-0.090777301391
-0.0556862765074;-0.149357608883
-2.02004828959e-17;-0.193151883418
0.0691550367667;-0.173933258147
0.103202024585;-0.0910744900106
0.162740318041;-0.0718659849972
0.118616139407;0.0
0.170562538294;0.0420218166273
0.0792442053308;0.0977802946492
0.0491864112307;0.168291085435
7.95382588693e-18;0.11123005598
-0.0450471743565;0.152352544783
-0.114698301263;0.0836417806633
-0.125457407657;0.0435712744684
-0.110068002687;1.91516990696e-17
-0.134125074508;-0.0703448058292
-0.0955954702866;-0.0880830575179
-0.0581749859859;-0.151365091288
-2.52419178415e-17;-0.104843411528
0.0711659089641;-0.178822602771
0.0919140725959;-0.134460594808
0.148924034682;-0.0504647194311
0.102779656245;0.0
0.16194597092;0.0425029456752
0.139948999148;0.0724147218739
0.0754023921971;0.13223871843
7.29671350964e-18;0.173572583985
-0.0714415526855;0.168145192663
-0.0879505752285;0.0892653770944
-0.12146192631;0.0513607571735
-0.198875848935;1.66307805134e-17
-0.111015097404;-0.0723960409734
-0.131142860205;-0.13224000618
-0.0451491516533;-0.15600863841
-2.7289674984e-17;-0.141914330399
0.0521199191476;-0.0969395929977
0.0978712498261;-0.102523674809
0.176153647829;-0.0544561999292
0.169508064595;0.0
0.150175873226;0.0617378753191
0.123598577972;0.0886479631641
0.0446437461496;0.125637098173
9.99868560346e-18;0.140863744179
-0.0394198848446;0.122666360729
-0.0866322711583;0.115653670114
-0.164759188302;0.0715353691857
-0.133128647521;1.64340904484e-17
-0.107091183933;-0.0629306312917
-0.0942964790706;-0.091490897285
-0.0539583077435;-0.100438160683
-3.61358201005e-17;-0.137047350549
0.0673231149818;-0.109760119567
0.124146306634;-0.088872588001
0.134905107252;-0.0687720940165
0.158021920416;0.0
0.15034021779;0.0660447494787
0.118197412804;0.0878570525294
0.0594449925645;0.116057110738
6.47186725234e-18;0.150321951584
-0.0712514836574;0.11650278144
-0.104007067684;0.113504021865
-0.182582079597;0.0547551582566
-0.199072291789;1.31525607375e-17
-0.176478238169;-0.0602593960868
-0.0896782575769;-0.10876009286
-0.0572752015332;-0.125856618234
-3.64664432536e-17;-0.116973162107
0.0419629291014;-0.146964876637
0.133010834077;-0.0774995401819
0.146867854934;-0.0407309978872
0.131824892187;0.0
0.180775253456;0.0385754419604
0.128927524464;0.127320496584
0.0494537527627;0.0957093237962
9.3304716179e-18;0.137015193103
-0.0434521277931;0.132827022378
-0.120635227027;0.0817422319532
-0.0972258270549;0.0713038364944
-0.187852475018;1.33428054431e-17
-0.14917523093;-0.0435637336358
-0.102842139715;-0.0822785914544
-0.0651532655064;-0.162846990743
-2.72359515919e-17;-0.182658522899
0.0670287147762;-0.118651498617
0.0755917711562;-0.0953266467303
0.0937484440085;-0.0593466848387
0.194060650132;0.0
0.147154730182;0.075815617409
0.0808451607515;0.113410510396
0.0454763931958;0.0933416719645
8.24968545103e-18;0.116089235926
-0.0485381702489;0.148065691823
-0.103895348235;0.0938127101558
-0.168294296578;0.0686420251313
-0.161855773211;1.61202992701e-17
-0.134913099705;-0.0717589821709
-0.135912016465;-0.122447507548
-0.0595825804446;-0.179136560685
-1.89581419801e-17;-0.199320051922
0.0394063247744;-0.115429332148
0.127592343036;-0.137332624621
0.147966040633;-0.0544958682057
0.143516114789;0.0
0.124424673515;0.0519926907083
0.125894171572;0.127610875449
0.0485629371679;0.101498724231
7.57491094567e-18;0.181931718662
-0.0761984064973;0.16582496014
-0.138727503503;0.0769709834558
-0.176809765602;0.0408305681836
-0.164075594906;2.30322209131e-17
-0.121579779301;-0.065680207775
-0.115811615516;-0.10182870832
-0.0536107118852;-0.158019661885
-3.46264324971e-17;-0.162415990469
0.0423413382766;-0.161588665466
0.11032716892;-0.11640207818
0.161026140064;-0.0740901404629
0.131479624827;0.0
0.171589321841;0.0466038171259
0.10596060396;0.128788266166
0.0636852177319;0.149425173336
7.29836083471e-18;0.123256287476
-0.0435323707127;0.163049318052
-0.0939594044184;0.117292801795
-0.174146513564;0.0403026257063
-0.140666398382;1.59269333748e-17
-0.104042305471;-0.0619080771891
-0.0804749088732;-0.123061504404
-0.0697924655881;-0.140302722671
-2.16571970804e-17;-0.120841500561
0.0593099315337;-0.0927744485759
0.106302107397;-0.106017829086
0.0930016264214;-0.0677713169124
0.129924901588;0.0
0.157254818412;0.0632392785778
0.115493936745;0.0811333121376
0.0515663478004;0.167505141176
8.51048479383e-18;0.133864733599
-0.0724357627085;0.11463945014
-0.138044599534;0.10422147233
-0.117085790377;0.0435824046302
-0.133161140424;2.39373223415e-17
-0.17367899161;-0.0714440767992
-0.11605518382;-0.0887421544914
-0.0546196443944;-0.180086497256
-2.7372038401e-17;-0.149697335786
0.06285270973;-0.168191943439
0.0813133903236;-0.0914794789835
0.122086546226;-0.0396830815107
0.105375037915;0.0
0.155802289378;0.043839691359
0.104137597313;0.132747635581
0.0519599061749;0.134303054203
7.5681611725e-18;0.109760643224
-0.060252210189;0.112179283982
-0.13958313357;0.121142479898
-0.147054043218;0.0666741698064
-0.176018960872;2.32292454578e-17
-0.126703416973;-0.0438998922297
-0.104451062757;-0.118025735626
-0.0549389811913;-0.180020520428
-3.52659967781e-17;-0.143728998502
0.0658403273037;-0.109870501983
0.12104817234;-0.0845961440563
0.163555764639;-0.0553280691709
0.190280864876;0.0
0.0940927757449;0.0445493388758
0.107497643409;0.12270228577
0.0635407073817;0.182604807862
1.01216365246e-17;0.156225172432
-0.0436773251435;0.149047946997
-0.122769051181;0.136707873673
-0.15170483745;0.0390153160315
-0.135046003856;1.58311897288e-17
-0.121764823371;-0.0593359885315
-0.0921006382037;-0.0912949960988
-0.0615712815617;-0.119756757106
-3.63247682742e-17;-0.129036918237
0.069802041538;-0.173433154959
0.111395748931;-0.121444668897
0.117088408384;-0.0561676884922
0.148360192047;0.0
0.110146807801;0.0475870829819
0.0731507704732;0.141316220714
0.0556140793255;0.141170254557
1.05154626427e-17;0.13764556597
-0.0563698502935;0.154642619861
-0.128591169414;0.0917774813099
-0.103442316862;0.0737237335509
-0.180752909131;1.6885505115e-17
-0.131317605521;-0.0448023052131
-0.120279932193;-0.129938648991
-0.0705680567063;-0.138434785365
-2.78672092412e-17;-0.173969692634
0.0705239074322;-0.131887857673
0.101511111919;-0.0864391808621
0.129290528872;-0.0454261911519
0.110419217608;0.0
0.127466433876;0.0385825741416
0.11570029905;0.0999815593578
0.0750056617669;0.0991846963913
1.17683738745e-17;0.136168270124
-0.0597466864693;0.0964700082534
-0.130327676339;0.128190045776
-0.110898669729;0.062829129418
-0.140462283535;1.86401691326e-17
-0.178619913375;-0.0706494886386
-0.104471224566;-0.0887882516322
-0.0535544013207;-0.120364908133
-2.81191689901e-17;-0.188905381429
0.0454037943732;-0.149102289978
0.119210348025;-0.112966682074
0.0933882599826;-0.0677369704786
0.180811707557;0.0
0.160437353279;0.0730495658956
0.1062018856;0.112927020149
0.0613133087255;0.0932285767217
7.79293277404e-18;0.118736511411
-0.0628418486492;0.16248053102
-0.111895124704;0.0929211628345
-0.177062050198;0.0657062417232
-0.127539724992;2.35494110627e-17
-0.123301726535;-0.044317969302
-0.114259154638;-0.0907290563575
-0.0433525489866;-0.168342616515
-3.02915479185e-17;-0.18610476169
0.0467192111943;-0.121538678256
0.0843257768382;-0.139114184085
0.131902645151;-0.0424561778877
0.147723780949;0.0
0.18291249797;0.0692474844428
0.0984584594038;0.141011568211
0.0701756803231;0.128124662473
1.08361573722e-17;0.161951009149
-0.0488752353509;0.119217740102
-0.0977772958943;0.132883199882
-0.0985762770747;0.0430512407717
-0.100210319517;2.12126011185e-17
-0.122507300838;-0.071885616998
-0.0867038520959;-0.0794161848445
-0.0740257111514;-0.115188813527
-2.91384458873e-17;-0.147247601347
0.0599242655054;-0.140074166327
0.0856530894978;-0.0734543461628
0.134337574777;-0.0488878943258
0.104654451651;0.0
0.180544272179;0.0466450005395
0.105467987453;0.125228647381
0.0472663182913;0.112190140322
1.11906074375e-17;0.191806597528
-0.044759041632;0.100987280492
-0.0853592076167;0.12934560147
-0.142912384917;0.0727488504187
-0.193010014435;1.43088808589e-17
-0.155427588238;-0.0706338024659
-0.11882679681;-0.114671269645
-0.0629992579503;-0.0982360679166
-3.66780815918e-17;-0.135320684254
0.0611098131969;-0.158589633586
0.121593430619;-0.0880955254073
0.114246873756;-0.039738043452
0.117357359482;0.0
0.13263442521;0.0438662449343
0.139988677436;0.0966472656779
0.0636819618621;0.103029540385
1.08889136563e-17;0.192655701129
-0.0609505261897;0.132396570345
-0.135078918008;0.134572583579
-0.154447357202;0.0588249785156
-0.197402527931;1.9078522499e-17
-0.141063485292;-0.0705236063399
-0.128336817094;-0.118089823209
-0.047869169485;-0.133729093407
-2.17651573367e-17;-0.193596449293
0.060261483732;-0.172965492564
0.107321830959;-0.133968216091
0.182114494827;-0.0748154606303
0.145657925453;0.0
0.137786698531;0.0410877332355
0.115720601069;0.141329105031
0.0702039825103;0.164593765445
7.38824369036e-18;0.145709809987
-0.0504014106227;0.136800354245
-0.0763308518739;0.0862943545959
-0.101067494599;0.0531825883088
-0.185554524132;2.24533419059e-17
-0.0991818076899;-0.0597940130762
-0.140074357919;-0.0834385262764
-0.0697958737662;-0.136933079694
-3.6177143826e-17;-0.166644436725
0.0689802839385;-0.129712875172
0.102046837759;-0.106576729587
0.161327253295;-0.0708901132518
0.145077310351;0.0
0.133514907706;0.0659962176161
0.0870489347519;0.1352036527
0.06400579957;0.151569115719
9.22700517967e-18;0.177923654422
-0.0399678633156;0.182481505447
-0.0914294214469;0.120742103913
-0.119651547514;0.0504552540108
-0.122694453297;2.36352055179e-17
-0.0975880409243;-0.0559571743361
-0.0793932605299;-0.0996252826192
-0.0428680510492;-0.0939682862304
-2.05361990645e-17;-0.188090809346
0.0643024908575;-0.149618082505
0.0924400187177;-0.125063029678
0.18102794245;-0.0446073272836
0.166396275937;0.0
0.101110264962;0.0632372100178
0.127111296729;0.0945740237948
0.063023553334;0.165006258194
6.56174285455e-18;0.104476322077
-0.0470424099347;0.119885428462
-0.0775678219793;0.126415582019
-0.160635155353;0.0555971703092
-0.19425507638;1.73098525521e-17
-0.159863537981;-0.0502167528393
-0.0907048645536;-0.11193752369
-0.0694972308921;-0.121461996765
-2.80471537221e-17;-0.118509135783
0.0504582282309;-0.100580986153
0.0730447407421;-0.136268838854
0.103426221794;-0.0721857716585
0.123381017486;0.0
0.165008288221;0.0591085374946
0.137371989843;0.127656475958
0.0411692886276;0.152957476366
1.21465861927e-17;0.108721703892
-0.0475838397532;0.115582525616
-0.0892087123782;0.0906179954848
-0.116291267631;0.0492015799852
-0.144430197468;1.47857960038e-17
-0.142489512252;-0.0423425423523
-0.122167342915;-0.105069020402
-0.0500232133123;-0.124116829691
-2.9700376054e-17;-0.150255364713
0.0674649232324;-0.174702798671
0.0965450959438;-0.109391850433
0.134676327745;-0.0741964953993
0.107921642176;0.0
0.148084274089;0.0509327008899
0.11001579617;0.132750679555
0.076076427216;0.165947741879
8.73300415222e-18;0.197168004432
-0.0592514197522;0.11481661618
-0.123171395251;0.0724058439785
-0.117513782418;0.0515127093843
-0.178949268527;2.40678757572e-17
-0.12348116278;-0.0487123047115
-0.0978128844686;-0.129832423941
-0.0661819056072;-0.152079582694
-3.2169139144e-17;-0.106939160075
0.0426469187395;-0.151272200746
0.0977998305289;-0.0977410288894
0.151502582601;-0.0631943733824
0.191182578763;0.0
0.104095348557;0.05729150673
0.124273760243;0.105417084819
0.0637595770382;0.142876164333
8.77077797541e-18;0.156396972317
-0.0642948617811;0.119334771212
-0.0913922835329;0.111906704087
-0.156757741812;0.0678730811208
-0.110887213021;1.64991461963e-17
-0.168481403312;-0.0489134216216
-0.0757733177105;-0.0966548505616
-0.0571873879722;-0.163228107066
-3.49793765465e-17;-0.116173144816
0.0613861344851;-0.164397640395
0.126377729185;-0.0976177299138
0.0960728878176;-0.0434788305816
0.163882177974;0.0
0.151672665765;0.0531374701714
0.0788033044367;0.120582163702
0.0545700942263;0.095563882811
7.63805736797e-18;0.183923452523
-0.0764782028694;0.1836364733
-0.132620104752;0.117534765173
-0.164314731279;0.055831404974
-0.130623974117;1.55881528768e-17
-0.115700708723;-0.0542057989092
-0.09949631769;-0.0927726928819
-0.0584177195856;-0.149403605108
-3.3303404977e-17;-0.10703630876
0.0483182823199;-0.16544158594
0.0821478082091;-0.117528289004
0.160644647193;-0.0661320182395
0.14174539195;0.0
0.128709692586;0.0709888289103
0.0945560267377;0.0850893940769
0.0388384997765;0.0926736658032
1.06364182365e-17;0.130115345481
-0.0763982515732;0.110760982648
-0.0928771406045;0.0770094306974
-0.104860115161;0.0582141557451
-0.189724928948;2.25974717784e-17
-0.155280583447;-0.0506970295501
-0.100659867442;-0.131166642882
-0.073303443931;-0.123118449512
-2.08060471855e-17;-0.166011470482
0.0472965852131;-0.134530993037
0.117929298204;-0.0984736684428
0.122849222006;-0.0483575061411
0.112019822887;0.0
0.179394552637;0.0517973118158
0.103592364536;0.0901046708206
0.069310544423;0.102777344901
6.93280688661e-18;0.178432488204
-0.0419298864287;0.182109657517
-0.0862703495843;0.0923114600256
-0.162238213471;0.0569330240378
-0.144445525448;1.90953791932e-17
-0.166623875924;-0.0749141787059
-0.10112773842;-0.0920846038679
-0.0398806454232;-0.129843629483
-2.36995151633e-17;-0.197851058095
0.0458176839064;-0.108689260632
0.109088407285;-0.11267453341
0.167924319853;-0.0413588491594
0.160067389439;0.0
0.160360966344;0.0387289797848
0.102536479763;0.135991772606
0.0582031916657;0.137874175515
1.08890962755e-17;0.124920462861
-0.0604243450749;0.170278897983
-0.135736590545;0.138024460664
-0.184209098366;0.0396689051125
-0.186496505704;1.22960304152e-17
-0.117544132443;-0.0686776204116
-0.0730445692789;-0.125837047083
-0.0536234633599;-0.140072852537
-2.79212795311e-17;-0.15527361347
0.050227819937;-0.137818967402
0.104360380225;-0.125212630811
0.164885143827;-0.0471843980644
0.123324649064;0.0
0.173641970627;0.0538338445741
0.100463648522;0.09426661877
0.0462276561603;0.0978734909502
6.40688816376e-18;0.142853254105
-0.0631316750519;0.167266196679
-0.0962780542795;0.0820253777157
-0.126849892143;0.041067048859
-0.192146105005;1.39993237181e-17
-0.165094465205;-0.0536482211135
-0.0779895563704;-0.121236733107
-0.0601466195176;-0.167732799357
-2.41700282821e-17;-0.150947340214
0.0409026275497;-0.145213974204
0.113182955513;-0.108731580073
0.163401445734;-0.0762401686746
0.18952077476;0.0
0.182762354205;0.0497857764722
0.133333271838;0.134783390041
0.0628669088949;0.162545918261
1.00892593097e-17;0.128739225199
-0.0719661855581;0.0950421739198
-0.0956832229102;0.137674934951
-0.0994567792221;0.0534357693386
-0.127031788484;1.52123059614e-17
-0.157391325192;-0.0675784020499
-0.0712091254795;-0.102172841756
-0.0617907138519;-0.119259689381
-3.63713239104e-17;-0.105645317923
0.0408066865198;-0.159125668038
0.132170410578;-0.0903868891864
0.121434384486;-0.0492240565155
0.177449834198;0.0
0.168008393933;0.0650484333444
0.101444944711;0.125161718031
0.0630711167031;0.104057650222
1.11915595293e-17;0.182141873712
-0.0451238678795;0.18452419918
-0.139468731535;0.11824848008
-0.15758064613;0.0550121211629
-0.156494277215;1.93202733015e-17
-0.118365492509;-0.0755962754566
-0.116079583607;-0.0753476484993
-0.0469717668936;-0.118349027641
-2.23901482718e-17;-0.117034560393
0.0467088048853;-0.14089917431
0.0909263220851;-0.112963788406
0.122360444712;-0.0678289580559
0.198521170261;0.0
0.156433434942;0.0500571555411
0.096655908441;0.0858743733666
0.0477989143107;0.0992122009813
7.40012388163e-18;0.122629361997
-0.0693838825018;0.0981569161153
-0.127597749004;0.118929403724
-0.178416851067;0.0745538714919
-0.169728153571;2.03494017757e-17
-0.16684838507;-0.043649689931
-0.109620504779;-0.0772162954129
-0.0700243751018;-0.139697696896
-3.47354123306e-17;-0.17881613294
0.0601658394813;-0.154251224591
0.0917647094794;-0.0910209822848
0.164599050706;-0.0554203683822
0.10561830025;0.0
0.107000508189;0.0506477674334
0.0905493585467;0.137281649765
0.0691484827389;0.156215354302
1.08168396707e-17;0.145893942573
-0.0505011350824;0.173638545344
-0.0808852383064;0.106818796245
-0.111872517213;0.0570036133151
-0.182225172307;1.8256215672e-17
-0.143498585487;-0.0761223211143
-0.0713715633237;-0.0726497851727
-0.0628425081119;-0.100252323249
-3.26594185389e-17;-0.199019432916
0.0432250216383;-0.102104109867
0.0839301545017;-0.0829235497945
0.120424271166;-0.06059690515
0.199740212524;0.0
0.104063267228;0.0572150274402
0.0929197749972;0.10426864621
0.0700819131256;0.112821709789
6.20841593418e-18;0.10270984128
-0.0537021149495;0.101803793842
-0.103440925216;0.0739790124662
-0.139681487255;0.0402036308098
-0.144213887004;1.44258964061e-17
-0.100399993014;-0.0666667005087
-0.0989375583217;-0.0873105004481
-0.0678702927322;-0.108471758373
-3.58080944359e-17;-0.120873961697
0.0729180198148;-0.124195307088
0.103549657102;-0.135589501639
0.126112007975;-0.0761024703211
0.144181032233;0.0
0.160121471928;0.0456254525392
0.116309749859;0.100266720433
0.0389771971881;0.122085820648
1.11141462555e-17;0.132820194153
-0.0462274243288;0.160930893184
-0.13588557685;0.0972990667138
-0.108549263971;0.0566104073605
-0.141260029666;2.07148211357e-17
-0.124668453267;-0.048890993285
-0.113974564239;-0.13521721059
-0.0419991851356;-0.123431576289
-2.55244462974e-17;-0.146091555865
0.0444263562921;-0.163089301264
0.126641989504;-0.0871973685281
0.101054832312;-0.0571340834386
0.149509368433;0.0
0.180129970606;0.0464811105202
0.112746864775;0.130191493067
0.0583413869512;0.127895732321
6.55314772546e-18;0.135748035009
-0.0668678098958;0.162840024735
-0.139575017701;0.0965663617416
-0.145189042469;0.0576884774401
-0.148590191673;1.27378549929e-17
-0.0932195557649;-0.0548420398324
-0.073326386417;-0.117805738163
-0.0614665909415;-0.121725443548
-2.8354904534e-17;-0.154003226945
0.055534116741;-0.154944016731
0.114764245806;-0.126577630519
0.161553039641;-0.058841059069
0.104680994134;0.0
0.152096552921;0.0752064769608
0.100407850093;0.0737465835666
0.0398648606982;0.140935826845
8.78269635982e-18;0.19267171814
-0.0726231413889;0.147190001242
-0.13230849505;0.0914416405289
-0.113185900547;0.059964781834
-0.101937323993;1.46093939066e-17
-0.167362405275;-0.0485718065475
-0.138252117873;-0.110493446001
-0.0557382403066;-0.166720956426
-3.01093365774e-17;-0.12303473085
0.065319430837;-0.117407955111
0.0994246690288;-0.0793599617271
0.11072732507;-0.0689254144542
0.127381970987;0.0
0.107997912086;0.0530680944313
0.0862985735871;0.10262075513
0.0535127944919;0.135732710695
8.92734258777e-18;0.156367789303
-0.0494136244057;0.158354829451
-0.0981808057837;0.130721991569
-0.138917698983;0.0383464429662
-0.187803728273;2.34545075335e-17
-0.0931694089159;-0.0517982370855
-0.0728268312054;-0.132675748663
-0.0522412188015;-0.0968703864624
-2.79725797923e-17;-0.198388396125
0.0416091039408;-0.143547687909
0.0717435753736;-0.109434280429
0.0933292319593;-0.0616387905227
0.155019629812;0.0
0.165572692315;0.0532833957919
0.119299391614;0.126418159049
0.0570333873612;0.110388840818
8.85499619352e-18;0.126169894734
-0.0690500572233;0.138151846294
-0.135519767105;0.105237924533
-0.174281083468;0.0482409681094
-0.164962433991;1.60110239265e-17
-0.151401450366;-0.0590551382383
-0.0801862113634;-0.121779654505
-0.0404729472388;-0.104081589732
-2.16063255364e-17;-0.183157288208
0.0415245063362;-0.155730205302
0.0969119193367;-0.12830002545
0.135639199049;-0.0473151544989
0.173873825119;0.0
0.13712852872;0.0653621361788
0.0733509726093;0.104326540156
0.0576372651375;0.155199023556
1.09286121354e-17;0.153970292534
-0.0627751654141;0.126640613511
-0.119527936929;0.141139427888
-0.0969602621732;0.0632332457008
-0.172376352356;1.99527859817e-17
-0.159395102951;-0.0688399823319
-0.0747633977314;-0.125566582071
-0.0514898308473;-0.127722561235
-2.16230885421e-17;-0.144677280113
0.0681157856495;-0.112077640172
0.0853930114433;-0.0750027157467
0.174503273703;-0.063248889169
0.150438904685;0.0
0.116055150781;0.0752717774528
0.123262434685;0.079253142673
0.0521697970169;0.115956249472
1.14603247278e-17;0.194660596883
-0.0727820764967;0.125657718764
-0.132487478445;0.0984686837078
-0.151300732071;0.0514781071541
-0.17934413008;1.68466812778e-17
-0.14584848212;-0.0444659790907
-0.103162915179;-0.127903000411
-0.0616841939773;-0.178359743421
-2.82893215603e-17;-0.115874903178
0.0568209995213;-0.121458051833
0.11841070659;-0.0892980544571
0.113141918661;-0.0655828267872
0.187854718061;0.0
0.16478198357;0.0753705006259
0.0718776558377;0.091155779339
0.0532325349109;0.108686437066
1.03594923748e-17;0.157565033595
-0.0394030872684;0.130140081927
-0.0877949554302;0.125613218526
-0.126941589307;0.0559456573548
-0.176605789611;1.47813249872e-17
-0.0993356418726;-0.0674298154456
-0.118949408363;-0.115662146824
-0.0666478779548;-0.110589383237
-1.9727483895e-17;-0.197259636086
0.0718222861528;-0.151258635914
0.12216108469;-0.123148304489
0.113542081612;-0.0535162361534
0.15460446438;0.0
0.126170214995;0.05982610517
0.113985092304;0.0755309085277
0.0416379129701;0.152913893111
1.01401136914e-17;0.113389417093
-0.0611256235265;0.10991119598
-0.121941441318;0.133845345921
-0.0941658902074;0.0604268964597
-0.136138450403;2.41726258047e-17
-0.10085531958;-0.0639451154385
-0.108401160342;-0.0885947683879
-0.0643490466042;-0.164294516759
-2.78678608374e-17;-0.105984578785
0.0521670603637;-0.172928218188
0.13276551571;-0.124261474035
0.110660345782;-0.0477363179551
0.111201971284;0.0
0.172085647524;0.062937151113
0.128805774399;0.132019424456
0.0389887139443;0.114200002285
9.09526797468e-18;0.16606482146
-0.0671451706361;0.144752923309
-0.101100657994;0.110547221031
-0.127641889859;0.0732257422969
-0.15943777624;1.96480030025e-17
-0.143554499099;-0.0523790892704
-0.0981219049289;-0.109217998182
-0.0698288119451;-0.171243692905
-3.52212953513e-17;-0.156894852599
0.0451292701064;-0.163593799057
0.0897902872072;-0.128193571278
0.16303634051;-0.0462581305463
0.102357035665;0.0
0.124791463576;0.0564234453251
0.0794122260945;0.125836372613
0.0432445419261;0.145508982007
7.42123126573e-18;0.128534449401
-0.0658795862627;0.153052253595
-0.0947990930855;0.0974383144453
-0.132513213292;0.0563543845579
-0.185899355784;2.33194107118e-17
-0.132909180016;-0.058376433769
-0.136501751525;-0.0856017670862
-0.0513793636345;-0.0978946051108
-2.20429849425e-17;-0.114729907709
0.0710241199827;-0.170936270659
0.136128467354;-0.12419362495
0.179572683965;-0.0410787030708
0.15428188242;0.0
0.122081879446;0.0398966465411
0.0895638889879;0.126639854127
0.0487443011584;0.108982128524
1.18830185547e-17;0.178853934873
-0.0502568886248;0.127723648247
-0.125312261479;0.133468062621
-0.157516125955;0.059559599356
-0.194197813048;1.45702397036e-17
-0.105376721816;-0.0544928955864
-0.0777163919215;-0.0783951145926
-0.0642997345341;-0.166112272846
-2.94603332009e-17;-0.108956256152
0.0725859587087;-0.160161086547
0.097540201517;-0.0747707007339
0.106464775065;-0.0412390552293
0.135358947971;0.0
0.103064688455;0.0577726928347
0.0997783884672;0.0962248552581
0.0457317393732;0.170579594868
1.1344518441e-17;0.105157511946
-0.065182149177;0.178103648158
-0.131490388679;0.0753952379023
-0.130778296743;0.0515022550769
-0.185617049457;1.66946318208e-17
-0.113703420124;-0.0441960945289
-0.0941609336352;-0.0944297321968
-0.0414496439317;-0.146248501517
-2.51942835511e-17;-0.140009249915
0.0600419971127;-0.157030968787
0.103066048575;-0.13068956913
0.132709960437;-0.0665710228994
0.102376408155;0.0
0.117995326441;0.0451347941983
0.123963063771;0.123325681276
0.0711113812674;0.125018261742
1.22355312901e-17;0.168739564542
-0.0621982181033;0.158619137499
-0.0712147579842;0.104266755426
-0.176207395717;0.0570449072343
-0.129151554355;1.25996575266e-17
-0.0995026217486;-0.0532453729314
-0.0835726208812;-0.0733838801793
-0.0459345543553;-0.107468829209
-3.62527697399e-17;-0.100542756565
0.0566479398915;-0.115907730835
0.0914904929018;-0.140659569583
0.101404882491;-0.0658301437431
0.134929992763;0.0
0.154577058109;0.0713922551111
0.0755774809115;0.0931693102992
0.0558027876914;0.148971498989
9.46054789357e-18;0.196756620334
-0.0455290505763;0.151791982171
-0.0757139934768;0.122683633141
-0.131545167509;0.0750708369169
-0.185519931566;1.29886051018e-17
-0.163538880346;-0.075525894791
-0.102584081395;-0.139036236137
-0.0679561050487;-0.176967402739
-3.36805901668e-17;-0.162915311651
0.0588379767306;-0.179157380877
0.0905576421369;-0.0835209558336
0.153529949823;-0.0694342384179
0.186631278422;0.0
0.169542774599;0.0679192020957
0.0841820579405;0.0719221521783
0.0644321585542;0.1794184938
6.87395576693e-18;0.137845239895
-0.057839350718;0.113202482199
-0.0726211946535;0.109005538528
-0.108669189428;0.0548926144989
-0.137122285107;1.38933377787e-17
-0.146361810529;-0.0704641455301
-0.0865021091822;-0.0778860706886
-0.0759140914392;-0.177420804702
-2.16658870668e-17;-0.101592415948
0.056428672636;-0.145269816176
0.0893156605693;-0.0834295956172
0.106283598156;-0.0705890826945
0.190322301079;0.0
0.180560901626;0.0451393673536
0.0963056936626;0.117495894694
0.0555551360776;0.147682306621
6.36259425669e-18;0.197549686721
-0.0460623218988;0.0995936653549
-0.0871250311299;0.0915144424426
-0.149785838414;0.0453681527501
-0.186565170552;1.44416484123e-17
-0.102022959681;-0.0699396299969
-0.0731335518441;-0.0718593774046
-0.0413887749472;-0.118290610214
-3.0576063826e-17;-0.122987822527
0.0528368650848;-0.148038312938
0.103713486756;-0.106496124062
0.0998752786159;-0.0564866930033
0.124991384037;0.0
0.13282374131;0.0744859606017
0.0763946820895;0.131727493394
0.0654806743239;0.117356683217
9.53285729544e-18;0.129127769213
-0.0667373022049;0.183274750037
-0.133605136473;0.108439007984
-0.112187900273;0.0523212017367
-0.19841169922;2.33670798078e-17
-0.107258255181;-0.0758920063508
-0.0786068110269;-0.0714494722188
-0.063299361349;-0.0946455453906
-2.62671507302e-17;-0.187677636264
0.0723892780422;-0.141299915456
0.115963012432;-0.0885890353455
0.156013139727;-0.0460264533333
0.192590633647;0.0
0.125107209013;0.0551620661995
0.135641178406;0.107813647925
0.044349518295;0.141678988653
9.56228853768e-18;0.139411714588
-0.0471995241041;0.172662211166
-0.0720559777666;0.0885930392841
-0.176544896794;0.0445657373381
-0.175545006476;1.24924524864e-17
-0.135024916901;-0.0625653378073
-0.0901296786463;-0.120049243567
-0.076061353866;-0.109554141203
-3.15320350952e-17;-0.128091491452
0.0710293898546;-0.0959502370687
0.0779596747064;-0.104177483786
0.140007585087;-0.0501970230502
0.114984344479;0.0
0.168099224978;0.0593225892612
0.141419299353;0.11971825756
0.0385006530549;0.111601305112
7.78750244328e-18;0.195043994433
-0.0648144505572;0.130308974702
-0.0777337731119;0.0946522471738
-0.165647909284;0.0555527644702
-0.186093122597;2.09710768345e-17
-0.126445376503;-0.0670456330357
-0.128038589848;-0.0719648986281
-0.0560396490124;-0.154578349501
-2.97002921997e-17;-0.174420542277
0.0588774227898;-0.130738488901
0.107467017179;-0.0914656080755
0.156995337104;-0.0470967877033
0.134853109835;0.0
0.135815921985;0.0753607314999
0.0975944500223;0.124452765182
0.0390701595726;0.0969553283351
9.81096670897e-18;0.145112478216
-0.0703845414693;0.108732053843
-0.115725542271;0.13012673639
-0.129225423892;0.0650834031148
-0.120883268547;1.98161045415e-17
-0.103969088825;-0.0718933497876
-0.10468192985;-0.141079374335
-0.0758017438243;-0.155629143828
-2.02108961358e-17;-0.198980197486
0.0640387124581;-0.107190336325
0.0902673963851;-0.129586813124
0.113944843225;-0.0473501255088
0.120807971827;0.0
0.124106971034;0.0683340029175
0.137002781017;0.107531557585
0.0635282264944;0.127146788795
9.6248141217e-18;0.115786359934
-0.058189081389;0.152826616724
-0.0997532727961;0.135303258355
-0.129503574284;0.0607596585551
-0.125170514801;1.94299643561e-17
-0.132335369939;-0.0468026468494
-0.138549944477;-0.102270812367
-0.055596967712;-0.126270804453
-3.47851982561e-17;-0.188695183596
0.0658583636946;-0.176222171222
0.112620202587;-0.140421748415
0.124025993057;-0.039636148869
0.122154650952;0.0
0.106765026011;0.0488273150143
0.139168295741;0.0837661309342
0.0451500345604;0.147058808295
7.38404624821e-18;0.111224266585
-0.0436889818237;0.100239341876
-0.103028011975;0.0859360456326
-0.127255376795;0.0444097543892
-0.130981741697;1.76989834373e-17
-0.126185689254;-0.0531080094107
-0.110864173091;-0.123480519544
-0.0495803767238;-0.162232727028
-2.00483732658e-17;-0.176914872547
0.0411069166508;-0.159448375741
0.137484050499;-0.122425453611
0.109027331621;-0.0588785422735
0.145185563779;0.0
0.169350424245;0.0734979712941
0.109085818127;0.108669347499
0.0741174124943;0.0999644089117
6.67936423303e-18;0.124442852189
-0.0729853563434;0.124877425839
-0.0906994672027;0.114306217125
-0.176719494104;0.0515739195739
-0.152333825634;1.8854814728e-17
-0.101775118199;-0.0546799789743
-0.10480136096;-0.115516581208
-0.0418676343916;-0.134216997426
-2.1398197575e-17;-0.134027016022
0.0614769590484;-0.177427471483
0.0872624525865;-0.136479754427
0.150192103895;-0.0473087357852
0.164465102735;0.0
0.107302690966;0.0532268590845
0.138622428099;0.0977264593424
0.0703992933559;0.169491241893
9.5172800082e-18;0.148577161108
-0.0472029689668;0.0950797624644
-0.0770293457963;0.11223668411
-0.164381004476;0.0715224368319
-0.139166875122;1.60873948257e-17
-0.147639280333;-0.0663745820007
-0.1112406396;-0.128828234395
-0.0647707901092;-0.117606675167
-2.17040850742e-17;-0.110622102039
0.0571747531339;-0.155359181439
0.0769268097805;-0.12327883484
0.162617537054;-0.0521109071972
0.151188372025;0.0
0.0936981176858;0.0464336119134
0.091221741934;0.0908123323403
0.0531934294124;0.100861480516
8.92496125275e-18;0.166117023463
-0.0602355745736;0.117487011498
-0.110270561566;0.0707785564071
-0.181002084428;0.0748863769368
-0.162565601092;1.84365674213e-17
-0.135620024847;-0.0666904050643
-0.08796380962;-0.109241786887
-0.0412662185746;-0.140123135732
-2.41674641927e-17;-0.150092260217
0.0646209396836;-0.137890942585
0.0859951802477;-0.133525871675
0.0990294894047;-0.0736001149064
0.13510446523;0.0
0.148267919151;0.0624942910118
0.12795369088;0.113929464181
0.0560941661516;0.163357951983
1.12892500575e-17;0.14195373901
-0.0617964106757;0.16153873752
-0.105385104182;0.0887155066876
-0.129538571598;0.0423599253002
-0.149030441181;2.22154060662e-17
-0.122061371806;-0.0482397376129
-0.119539160129;-0.081131750603
-0.0616111350218;-0.119086211226
-1.96979878843e-17;-0.158107967458
0.0589426973283;-0.172044973078
0.134364468058;-0.127879207854
0.169714735614;-0.0700479129237
0.120871803924;0.0
0.15692917352;0.0598261764196
0.11816680127;0.104590462432
0.0608817914563;0.172477521523
7.09048393349e-18;0.100003666759
-0.0684783833981;0.135899619949
-0.0831259112301;0.0827579546813
-0.0954824943052;0.0560337623526
-0.172942775878;1.5926669013e-17
-0.168826656849;-0.0738550381518
-0.139858507393;-0.0992602254864
-0.0495874436145;-0.15768873107
-2.466041885e-17;-0.189323911067
0.0683227407144;-0.139898237673
0.10182656683;-0.0734517752623
0.136881283446;-0.047252808673
0.13588948975;0.0
0.117968079966;0.0608497637011
0.0861109983262;0.104690888522
0.0424972905101;0.146667412606
8.73886576837e-18;0.105055150528
-0.0393270522454;0.097954745606
-0.140636076482;0.0810290583757
-0.164732093952;0.0387275833657
-0.180521350116;1.61975586048e-17
-0.127853679033;-0.0718558560056
-0.127670247832;-0.136274872487
-0.0704580572532;-0.175458615481
-2.10660452868e-17;-0.196047810132
0.0541157271004;-0.181113303305
0.105094833005;-0.0955752713533
0.0940176826564;-0.0549373917373
0.192777175682;0.0
0.140150015426;0.0674650294229
0.120595308658;0.128605468163
0.0718742655367;0.157140583294
6.40780093552e-18;0.144884620863
-0.0654532796581;0.180438736151
-0.113023262701;0.106318263758
-0.126721940695;0.0503244006582
-0.161354631639;1.6885200044e-17
-0.141273879085;-0.06742503929
-0.103470975988;-0.102421566575
-0.0518669308382;-0.123967498548
-2.81741737666e-17;-0.176230481541
0.0482621407222;-0.119754631741
0.119655904062;-0.137810202957
0.100621304367;-0.0650574022401
0.120789658998;0.0
0.12384008931;0.0477861285498
0.0864302040614;0.139039308025
0.0622555746968;0.15544707567
6.8074900139e-18;0.16848604643
-0.0704584277196;0.176748645815
-0.0821271473089;0.102606097923
-0.122744333712;0.0508300361289
-0.197236342646;2.11700347794e-17
-0.149821852166;-0.0389376051493
-0.11014721938;-0.119231997487
-0.0597297126004;-0.176281255506
-2.66627035011e-17;-0.114867466436
0.0592024670091;-0.182603904074
0.0716138373129;-0.116464201754
0.169118171991;-0.0550134714361
0.110014708297;0.0
0.159249591866;0.0760128032622
0.0758001734541;0.105245625773
0.0628696942354;0.12069335499
1.18636185876e-17;0.155062380473
-0.0522915524904;0.151008260591
-0.115921086486;0.110126999224
-0.150484075932;0.0472537673954
-0.126790010255;1.83398363506e-17
-0.109991153035;-0.0653805445703
-0.0894048881364;-0.138408040582
-0.0472385267353;-0.131366450311
-3.07081879254e-17;-0.125719435618
0.0759082624952;-0.151404262095
0.11505596794;-0.092705172063
0.116260657736;-0.0731901658808
0.152257649147;0.0
0.170287287774;0.0661594287927
0.109567643115;0.102763363938
0.044568494922;0.106136024606
7.62318962036e-18;0.151937370338
-0.0621818273985;0.130393248777
-0.0896967859221;0.129032493034
-0.0969910067465;0.0567788265124
-0.130607911847;1.49197513414e-17
-0.174581220237;-0.0575153369477
-0.111614161887;-0.132439252447
-0.0629991168475;-0.171849839458
-2.84703107088e-17;-0.112067059193
0.0404450931534;-0.104844644347
0.139232876348;-0.132854875477
0.171784619245;-0.0617245784109
0.125024279892;0.0
0.165215479893;0.0434230729733
0.12007578261;0.132041631871
0.0610868042654;0.0983859858666
9.55259004309e-18;0.148961056289
-0.0491033142;0.137776265865
-0.085984644473;0.125456779564
-0.105691955743;0.0450027037709
-0.142015860592;1.29263961319e-17
-0.153692718851;-0.0404365467039
-0.0921383973282;-0.111710803568
-0.0407496053206;-0.1348386724
-2.26891649795e-17;-0.105320039407
0.0468117418855;-0.09871145577
0.0878040556878;-0.114910600072
0.17496459329;-0.0631897366336
0.121556169909;0.0
0.135353547839;0.0664468684069
0.132609408157;0.0777234786809
0.0748232523301;0.158849777153
1.04982239306e-17;0.145948146206
-0.0544466381261;0.138960502515
-0.115067405799;0.0856142453352
-0.139996650818;0.0733919248732
-0.159021615117;2.01665234997e-17
-0.162975287285;-0.0421268596187
-0.101175902566;-0.0774844239255
-0.0498082697442;-0.0972505886994
-2.33160267907e-17;-0.141935706018
0.0614330136434;-0.163258679205
0.102765385863;-0.11724091541
0.183558617946;-0.0726736813918
0.136466664347;0.0
0.1037511549;0.0661061512303
0.0860793867866;0.0882206368755
0.0468493852789;0.148698529848
7.44383064186e-18;0.130360999608
-0.0473674392878;0.105167687409
-0.122336237648;0.0775047569928
-0.099740324779;0.055933139659
-0.141869692263;1.50992116471e-17
-0.106863495156;-0.0736481832455
-0.0969779060455;-0.0740980847253
-0.0547831645698;-0.177771421542
-3.23692538416e-17;-0.158403055619
0.0534059979219;-0.180672070609
0.126499498431;-0.0861697001499
0.127089443294;-0.0499377085584
0.119536793031;0.0
0.179406037289;0.0552083438439
0.0955944740519;0.113989269693
0.0745891002052;0.179108419719
6.77477331357e-18;0.144872854765
-0.038649303339;0.138963454302
-0.0837247829644;0.0709041404367
-0.178548096676;0.060465394267
-0.181660516009;2.130466678e-17
-0.154207806191;-0.0697196644791
-0.133121011955;-0.103560309677
-0.053798918589;-0.154166652302
-2.68670030269e-17;-0.151312922474
0.0732871837777;-0.168147403945
0.0965698590947;-0.131295475183
0.177718564595;-0.0639039974184
0.160472228069;0.0
0.162693841517;0.0384545813362
0.0909573565496;0.0909570319674
0.0510079191663;0.112717588241
6.84390608118e-18;0.190336412163
-0.0651630357463;0.12600151563
-0.128966455847;0.135949482301
-0.159555939225;0.040674424434
-0.160610944405;1.89086080284e-17
-0.160433534761;-0.0484034941518
-0.128536691703;-0.120294859586
-0.0647393721825;-0.124136195387
-3.3711920105e-17;-0.187180873702
0.0499381406626;-0.160609147754
0.0750866604172;-0.094572507408
0.162394924644;-0.0541081913676
0.192228136239;0.0
0.131275062079;0.0442913235613
0.111529983457;0.0720309284405
0.0475413207261;0.170449032398
6.32391889487e-18;0.160549138439
-0.0432671574985;0.130801942792
-0.122295013541;0.119732274875
-0.0955003410007;0.0628767314626
-0.183884433015;1.2345909285e-17
-0.160984334948;-0.0573958189546
-0.10700775026;-0.117049788943
-0.0545909218037;-0.15926563704
-2.86734733308e-17;-0.170024045911
0.0623225236431;-0.122757062849
0.0947280787424;-0.107575793109
0.146778468202;-0.063735594925
0.114161617345;0.0
0.116754110784;0.0566469267558
0.117448597571;0.136930687214
0.0747529492442;0.108318433403
8.33061858484e-18;0.177575104457
-0.0386449000198;0.136182342422
-0.132114670921;0.0909472035373
-0.14435471828;0.0540028418314
-0.183205308604;1.491618608e-17
-0.129677230627;-0.071938405045
-0.0869248368372;-0.0990375811416
-0.0445794427123;-0.136336636729
-2.35663712365e-17;-0.101350920975
0.0501517333385;-0.159725029613
0.0908471818916;-0.119646694815
0.141612480316;-0.0676342137652
0.170844097923;0.0
0.170420634472;0.0493350585347
0.121425164839;0.106486449035
0.0388740356921;0.102233560656
7.28658619096e-18;0.146999261405
-0.0747063913996;0.123444681097
-0.104121674769;0.106815423977
-0.0964907681968;0.0465241421576
-0.136163264456;2.20551567494e-17
-0.171297572627;-0.0526221497415
-0.082135051747;-0.101887957743
-0.0707574251726;-0.165825709173
-3.47891640566e-17;-0.146705662936
0.0563948526449;-0.107875545783
0.134900758862;-0.0819922714687
0.169171604257;-0.0609297247958
0.187947703367;0.0
0.109257435333;0.0495769324105
0.0797815944471;0.0944297667484
0.0472263587955;0.179565076513
7.67897176331e-18;0.128960236884
-0.0734070995112;0.170740486781
-0.0732065423696;0.0998806417761
-0.120259637476;0.0431862502738
-0.177633253402;1.70712557119e-17
-0.142855279031;-0.0711901266087
-0.0820493304874;-0.124403823197
-0.0708799754617;-0.101488015688
-2.57420356215e-17;-0.119236068949
0.0541468225796;-0.145876874078
0.128192090421;-0.131277759973
0.104239881522;-0.0650295108306
0.152716033505;0.0
0.101036695669;0.0637122404521
0.119069302456;0.118209676345
0.0527379817329;0.109983788535
8.88165495742e-18;0.14421434437
-0.0569689639716;0.0929343346856
-0.115067536508;0.0719488332183
-0.164313321761;0.0746879164397
-0.193973259057;2.10676559117e-17
-0.135405808688;-0.07546079077
-0.102746607252;-0.109796570216
-0.0452048194893;-0.108201910161
-3.65857423585e-17;-0.182078115838
0.0399813400169;-0.149873957382
0.0929825115037;-0.1025673117
0.109298809792;-0.0637293382784
0.17934812563;0.0
0.153875592004;0.0691052759972
0.125495517947;0.107363726302
0.0711090175228;0.159114368281
1.06116464608e-17;0.122675192109
-0.0382807729447;0.15098744486
-0.0942981643865;0.127310141911
-0.162478791918;0.0573870843277
-0.192155651771;1.8685638133e-17
-0.114518869635;-0.0545475554345
-0.114012118748;-0.119800656115
-0.0761934354276;-0.144875558572
-2.15837019714e-17;-0.109443011905
0.0431597496897;-0.127496966319
0.139944435233;-0.113084260562
0.114251263396;-0.0603127535399
0.159657895516;0.0
0.0994093016474;0.0510591928678
0.0748159922966;0.104928839772
0.0405133413568;0.162355984417
1.1051674588e-17;0.177801249343
-0.0388265211074;0.140240838714
-0.0939006559722;0.132088650526
-0.146701047996;0.0655176191109
-0.125154767414;2.29378353476e-17
-0.134937448059;-0.0673904568928
-0.137027084347;-0.115094688835
-0.0594867490877;-0.118762916155
-2.61863899227e-17;-0.111380761976
0.0421180410832;-0.102938476171
0.0815348761008;-0.0924654221065
0.124950397148;-0.0650370296677
0.175000072638;0.0
0.158230783231;0.0759848847864
0.0712332425338;0.121082719319
0.0498770388157;0.169719117414
1.12181271026e-17;0.155707352718
-0.0651809193723;0.163719358986
-0.100252879876;0.0715298582024
-0.165353834089;0.0646280610539
-0.103151883567;1.27289829292e-17
-0.143809102998;-0.0717379172326
-0.120139689771;-0.111064101455
-0.0440823958264;-0.155344444282
-1.8618887568e-17;-0.105984812253
0.0639319436004;-0.181565713327
0.122489023101;-0.0733167037684
0.159503490125;-0.0649969573649
0.11193702139;0.0
0.108925142101;0.0743056501555
0.0798566689362;0.0735348845855
0.0518331116859;0.160630037913
9.8603836672e-18;0.179794670032
-0.0415504374576;0.168107028826
-0.126176366721;0.122902886978
-0.150778970771;0.0577585980918
-0.108653168964;2.18943929242e-17
-0.166432371495;-0.0664735490448
-0.1094525695;-0.107642217302
-0.0646876500229;-0.131430740625
-2.3623121691e-17;-0.194799348069
0.0582466648056;-0.130717774237
0.120405154353;-0.106071100739
0.176436368616;-0.0481723749867
0.103407866056;0.0
0.183902034503;0.0613061161998
0.102918148513;0.12817538106
0.0685740589631;0.16498898782
7.08961386587e-18;0.166990915365
-0.0674127141276;0.0985016897351
-0.103380038376;0.110074833289
-0.107429517268;0.0662505825659
-0.143608583846;1.65984553362e-17
-0.171972897777;-0.0718009013957
-0.116369554645;-0.124364696663
-0.0619550045061;-0.155188292912
-2.60478114079e-17;-0.16010060594
0.0529974294984;-0.144634406951
0.118037809488;-0.0851417264706
0.10023653551;-0.0551353862482
0.189415315894;0.0
0.121440930184;0.0681813892515
0.115173156435;0.104362868438
0.0489381930717;0.166079508567
8.59651457211e-18;0.169633979723
-0.0580866153396;0.151612841038
-0.0900065272668;0.106061515493
-0.135144783393;0.0569515325903
-0.189771264694;1.97082749088e-17
-0.13914536105;-0.0646716749925
-0.0766822728618;-0.0887286518721
-0.0583463892288;-0.116694229332
-3.46375439479e-17;-0.196948988455
0.0649833999457;-0.180122803535
0.0998994628754;-0.122049669555
0.168571704693;-0.0638534881455
0.105254561106;0.0
0.130005964523;0.0583780351053
0.127223206953;0.111762009174
0.0402997387631;0.16075836904
9.83336840999e-18;0.185686579844
-0.0659197883649;0.127236322842
-0.100943689941;0.133621704094
-0.139055914996;0.0649982208138
-0.130022800109;1.89116840504e-17
-0.136476686461;-0.0628831856162
-0.137629491967;-0.0723779247195
-0.0735468221116;-0.131112848838
-2.23544101438e-17;-0.100085169134
0.0540635154639;-0.164457597983
0.100187592408;-0.0813455337103
0.133341594148;-0.0538376726556
0.179288575789;0.0
0.106598117417;0.0417793721339
0.0888623214592;0.114050014851
0.0493986506592;0.16039949339
7.36147864994e-18;0.188088915665
-0.0690766315248;0.141798960867
-0.12989947164;0.087352647967
-0.142173028858;0.0443596204385
-0.168606038395;1.49031776092e-17
-0.155580956399;-0.0595891103746
-0.118592235907;-0.1279709864
-0.0405930514645;-0.162047714004
-2.97343385832e-17;-0.15079289869
0.0484737455322;-0.132471711855
0.139503810432;-0.113757311418
0.165967711919;-0.0447571270529
0.184521033227;0.0
0.179559726378;0.0541620045697
0.0838309195326;0.105293802587
0.0754337959152;0.164573716146
1.05968084923e-17;0.185148179156
-0.0561485407912;0.140044558602
-0.0820605741178;0.0960570379764
-0.167349842808;0.0562631332805
-0.140036132;1.75109846488e-17
-0.115459775646;-0.0717620965834
-0.126759748927;-0.0822567047561
-0.0658020162992;-0.153781258979
-2.88570396811e-17;-0.141044748672
0.0532486125126;-0.140143110301
0.128701951297;-0.106224249177
0.120198920545;-0.0394920338626
0.123680175728;0.0
0.108091309793;0.0544499898909
0.104196365617;0.119243122956
0.0677717009574;0.141725844964
1.16590582004e-17;0.196571833586
-0.0577339107566;0.130703364073
-0.0908830405172;0.123794857526
-0.176507671062;0.0428595671771
-0.187152528994;1.49807561091e-17
-0.180047896449;-0.0408938266682
-0.122352241402;-0.136713006331
-0.0419936071169;-0.122241384267
-2.84746372379e-17;-0.118700837285
0.0689545782351;-0.128452210461
0.0746688532923;-0.126186913402
0.094384652375;-0.0690814212384
0.159210611961;0.0
0.163180691876;0.0614418798039
0.0916012386856;0.0778882335903
0.0754134716447;0.132651513607
1.09446265734e-17;0.113325683144
-0.0564403073173;0.102650687085
-0.125716494613;0.0720971188892
-0.121695515217;0.058613538479
-0.192845592623;2.15022662275e-17
-0.0991973248128;-0.0491881403366
-0.0781158927205;-0.113962701606
-0.075560640327;-0.142458029496
-3.06726701048e-17;-0.174256740724
0.0609695944719;-0.162833790278
0.0833957241006;-0.0760325149653
0.113968234565;-0.0684790823703
0.152731761784;0.0
0.163085871107;0.0494087417029
0.0846207218481;0.0955972515302
0.0580022373703;0.110870343708
1.08351712913e-17;0.125298815137
-0.075849523016;0.119946012024
-0.109874624694;0.117590571324
-0.151171336496;0.0719267396935
-0.198459901876;2.07192264138e-17
-0.142568178847;-0.0386682154987
-0.130123432986;-0.118456647889
-0.0580700145993;-0.104417031507
-3.31359040004e-17;-0.102437657726
0.0736001325539;-0.145396019295
0.0810742116721;-0.0987145370697
0.0935927181668;-0.0526008306022
0.142426960029;0.0
0.0957612879612;0.0491801632771
0.121915097232;0.0768213415593
0.0467897681678;0.120946059603
1.09605288525e-17;0.117010373175
-0.0753213161712;0.172765428328
-0.121545021146;0.0722029111283
-0.134330074271;0.0449551501048
-0.166171390224;1.57595971029e-17
-0.131550397481;-0.0609093612685
-0.0895007219986;-0.0855489696713
-0.0534359643467;-0.103099071019
-2.96949773011e-17;-0.153831467261
0.0611066846448;-0.184050768463
0.136029960282;-0.0833011999211
0.0993706815188;-0.0737007255647
0.140609448247;0.0
0.116341132074;0.0756855136808
0.104047260379;0.10458641223
0.0612026056287;0.103762004098
6.47980513648e-18;0.105038121878
-0.0463230056275;0.182022860078
-0.137257477482;0.0859023158182
-0.167426552318;0.0676110093961
-0.111857656535;1.7124647218e-17
-0.110755293656;-0.0605070273969
-0.0996357743661;-0.0765285887185
-0.0546833536541;-0.11666496521
-3.53342373057e-17;-0.132217863616
0.0594786666621;-0.160032631322
0.134483431918;-0.0875799878466
0.153514746787;-0.062469711548
0.10375392475;0.0
0.122471045079;0.0546555108672
0.095639115432;0.089175077562
0.0521775147561;0.15720365439
9.3862756024e-18;0.188493114662
-0.0413078593944;0.139638511783
-0.112852467853;0.124918067602
-0.12248907433;0.0539170723899
-0.194235006426;1.69567273684e-17
-0.179304123466;-0.075454930928
-0.110160621105;-0.116691739418
-0.0630048268404;-0.177672547158
-3.50169310893e-17;-0.133938304626
0.0684482794238;-0.102976243519
0.0817152874976;-0.0859491127936
0.177396524026;-0.0431989598217
0.11387941109;0.0
0.183683444557;0.0476835990756
0.140023387827;0.104204522551
0.0492820100785;0.176791914983
9.59303982228e-18;0.151853133022
-0.0505201548693;0.107828235365
-0.0723081392789;0.0912579712374
-0.147524161857;0.0617378117599
-0.167566035992;1.49083990355e-17
-0.163938003329;-0.0511097368173
-0.0928159502848;-0.102802887416
-0.0632082922809;-0.167230089132
-1.98645339043e-17;-0.154193884213
0.0399129778247;-0.11503019798
0.119372100652;-0.14139070202
0.101446487458;-0.0654692785437
0.194065531406;0.0
0.166586033653;0.0508026463772
0.0733599159397;0.0981976100736
0.0580730524785;0.139683133478
1.14471316247e-17;0.133091643979
-0.0391802469781;0.110291166448
-0.128613248521;0.1250113693
-0.118605179991;0.0406026749699
-0.164689896163;1.57364524879e-17
-0.171554881051;-0.0467222668713
-0.0978035179668;-0.0732272033899
-0.0598079017083;-0.136111107966
-3.26008452355e-17;-0.180114236582
0.0637764252116;-0.152637610835
0.135122772663;-0.0736149064771
0.101959901328;-0.0706227126164
0.149590382836;0.0
0.148709867615;0.0701175920314
0.126742504375;0.121897760243
0.0392357745439;0.151221803657
8.21291470884e-18;0.138226418385
-0.063500349538;0.177513181588
-0.0843251933671;0.0838222243491
-0.11822077664;0.0763581296404
-0.109530035982;1.78513032126e-17
-0.136399820194;-0.0449142775129
-0.100063826386;-0.132330986189
-0.0650724338948;-0.17471160178
-3.11464797558e-17;-0.14088334174
0.0404340008971;-0.128977252516
0.0959214126058;-0.0789631617271
0.103646556727;-0.0597614145629
0.161485689604;0.0
0.159103914904;0.0543884395097
0.13347844446;0.114373429859
0.0701254411231;0.103565324397
7.17593523421e-18;0.192355205573
-0.0526329572636;0.18033941376
-0.120686484123;0.103834253225
-0.172558844418;0.0634612500826
-0.199327074451;1.57009263601e-17
-0.136437389453;-0.0609175452459
-0.120983074113;-0.12674139284
-0.0739976359334;-0.0980121074919
-1.89474520586e-17;-0.165895329305
0.0763131204229;-0.112155326259
0.128001893463;-0.0934746024332
0.156973927511;-0.0584589645538
0.123265311568;0.0
0.0997110855665;0.0454597595392
0.0747749311301;0.093457898159
0.0721262097987;0.130086841008
7.31005159769e-18;0.160265389006
-0.0742367460698;0.123163059071
-0.139896797818;0.0743227608313
-0.141847894453;0.0410693015593
-0.182145485389;2.41268446347e-17
-0.106474164629;-0.0547573229048
-0.125681217738;-0.114285747887
-0.0553733883874;-0.140098796385
-2.63954879314e-17;-0.130051697326
0.0599888958766;-0.136234415813
0.133429730214;-0.12990730392
0.174161546314;-0.0407667070462
0.134450618823;0.0
0.165100891182;0.0458660577538
0.107065440829;0.128545518177
0.0711367177722;0.119320790997
9.99134146568e-18;0.183644729731
-0.0609751713338;0.10307766446
-0.0758828707813;0.101748565852
-0.0941590624231;0.056948648621
-0.198129676005;1.84232197462e-17
-0.114032394142;-0.0653493963078
-0.130572238462;-0.0922100922818
-0.0489077525602;-0.122705336377
-2.88457497669e-17;-0.117145764616
0.0590968251605;-0.109086886652
0.091641475902;-0.104076999081
0.110880564552;-0.0530544061314
0.104389744231;0.0
0.170420193893;0.0505793019652
0.113254151885;0.076875000696
0.041265773358;0.141337068897
6.23649379595e-18;0.189005491274
-0.0750743744715;0.110443377234
-0.0982798319603;0.111066051093
-0.129317202927;0.0682755873279
-0.126964436007;1.98660342917e-17
-0.139994124939;-0.066305988097
-0.0826177053958;-0.114806415005
-0.058592986287;-0.107353506808
-3.24140612306e-17;-0.127213583968
0.0392226796723;-0.154097043189
0.0750872131818;-0.112205022976
0.183306553751;-0.0560863169715
0.870081994247;0.0
0.972541855751;0.0625023864437
0.726712252501;0.15581013461
0.770300245147;0.231724590651
0.469743969707;0.219282584958
0.60921640041;0.253342349223
0.443444453824;0.483647207555
0.627442334363;0.407883524657
0.439530807484;0.652305170462
0.468792500974;0.418932324601
0.520815412511;0.517604226281
0.300461343577;0.607280066648
0.216410963755;0.533577659673
0.255044333521;0.548268527723
0.140635412852;0.695347998258
0.0700880749305;0.768199748155
-1.96091530349e-16;0.672314259103
-0.0554706739972;0.84490508412
-0.192231358609;0.56030835153
-0.16606944071;0.592213181621
-0.220011153821;0.592151186479
-0.331080894202;0.447962074026
-0.340857965657;0.554888075886
-0.396921789433;0.699927205832
-0.390540573127;0.584731109186
-0.468880746513;0.464390770671
-0.699296717057;0.420078059878
-0.662453710716;0.391730765468
-0.792495717769;0.273104429989
-0.698450489525;0.263802533815
-0.801751768717;0.104691096803
-0.554911177453;0.0977582697094
-0.718583211671;-1.39057577284e-15
-0.581030732557;-0.0728934392026
-0.787480822524;-0.164759059531
-0.902009622621;-0.286414408629
-0.664522645445;-0.352530694923
-0.853683136752;-0.263776652591
-0.554616619616;-0.516402296342
-0.491698235911;-0.499165478868
-0.36869213508;-0.578309802576
-0.544706890821;-0.417720777506
-0.484512894084;-0.519760111392
-0.414896830314;-0.631723433964
-0.378110595267;-0.873643675603
-0.207142412221;-0.663743099376
-0.180461800317;-0.645709110304
-0.0758178359516;-0.549788956152
5.46500624518e-16;-0.676745813275
0.0957776389962;-0.712733021488
0.1529638652;-0.87652921196
0.235129583788;-0.77394834968
0.344233916618;-0.613384852067
0.420875503835;-0.7957718414
0.440034874966;-0.433470782426
0.519066594593;-0.400958802405
0.426918118613;-0.533808612127
0.688521321253;-0.42414635748
0.578409533785;-0.496327678384
0.461014389824;-0.360146301976
0.917517343999;-0.238198901948
0.665069415207;-0.216769742221
0.979355754443;-0.133858929553
0.981907328179;-0.0565386722517
0.907807416115;-3.34459728744e-15
0.765400514958;0.0
0.947347932157;0.071789717132
0.868573691495;0.148546459388
0.619415045247;0.288227350283
0.919502865033;0.289002630953
0.695917632062;0.30898679521
0.64045524744;0.391408297411
0.574865065753;0.510779830155
0.397915326171;0.604920555755
0.330805544473;0.417738337477
0.520024757012;0.762433703092
0.237778594355;0.565366448846
0.360985177132;0.771999234252
0.236431618598;0.847404089346
0.143151369445;0.613792590972
0.0835468521507;0.756433237
-3.05571378394e-16;0.802506214538
-0.0568524947451;0.972839190461
-0.176755848291;0.861490602264
-0.174441595035;0.614912569838
-0.223838984909;0.771973256531
-0.438309794492;0.87622937973
-0.460236902599;0.57280491441
-0.49301010453;0.425611596215
-0.495794153589;0.552528467718
-0.501171107494;0.453815935783
-0.770091211343;0.316267012518
-0.748858625108;0.292110356355
-0.885260156684;0.373820673392
-0.716093526687;0.243707308358
-0.82676798485;0.109685975774
-0.594635140852;0.09107718688
-0.542144645621;-1.22098361046e-15
-0.914984386523;-0.0654913152301
-0.86971169285;-0.139506752247
-0.631058108567;-0.282472002679
-0.538558879476;-0.328570155612
-0.57626284516;-0.352295822194
-0.670394035295;-0.331349234563
-0.435860231806;-0.35012584317
-0.50691268224;-0.626277157433
-0.597596429387;-0.547036043213
-0.324044529612;-0.78573916673
-0.458884746731;-0.536982859357
-0.340785173963;-0.681195766269
-0.184341698475;-0.488643038261
-0.161237752064;-0.864917643651
-0.0875284429552;-0.724628936101
3.92167002488e-16;-0.99373803816
0.0768414395014;-0.816595022525
0.173172846654;-0.754491830487
0.267879951365;-0.757083509782
0.217946376877;-0.902352498099
0.250289814315;-0.465913972277
0.550913862282;-0.720846366539
0.515737504396;-0.556936117082
0.62724280606;-0.385591244694
0.457211397207;-0.604845375454
0.782399749487;-0.421753159424
0.469094924114;-0.469191894015
0.714953199237;-0.204629558968
0.636102794182;-0.192884853216
0.84287576358;-0.163489947175
0.653120482914;-0.0673832801476
0.841993994269;-3.20808667517e-15
0.836315837642;0.0
0.766538325723;0.0669864148202
0.906266531276;0.170226888607
0.801058813011;0.266473078543
0.743937813619;0.209127247611
0.449337698096;0.319053111404
0.668201133616;0.278045202519
0.633381158832;0.571504958622
0.634004142612;0.613872684308
0.50392205297;0.565643904696
0.32698087573;0.653666814635
0.393812161049;0.632242047267
0.258585734629;0.862648090654
0.225020368674;0.591872758426
0.14135874609;0.50097774471
0.0510207526998;0.987527459191
-2.49722392733e-16;0.895301624958
-0.0895234162403;0.70863894025
-0.129908355402;0.539678865521
-0.195892472907;0.755535080677
-0.308816627839;0.863330056088
-0.280736466994;0.797983849829
-0.422876516476;0.510843818549
-0.360079939664;0.528846275442
-0.59677078479;0.654089167475
-0.490309372636;0.609820706613
-0.742247639507;0.439158614008
-0.734165787495;0.335937133679
-0.469390933901;0.234517962306
-0.740651027634;0.244655864683
-0.740136902848;0.172822822402
-0.683363301046;0.0626190573161
-0.624281932077;-1.07610803714e-15
-0.664882165674;-0.095378038809
-0.856266314846;-0.165290867455
-0.549181605119;-0.164169929343
-0.594445087864;-0.276540218055
-0.688161325407;-0.335725638109
-0.660024873937;-0.538791968077
-0.449931188318;-0.453418341199
-0.450395948305;-0.531866829427
-0.508381975279;-0.454243971606
-0.492330209801;-0.436188308687
-0.452081934345;-0.87419732225
-0.283398325285;-0.750764960096
-0.259798257593;-0.610421422954
-0.153908577747;-0.958588901806
-0.0956224745456;-0.629731258253
6.24056365577e-16;-0.99863865054
0.0618861406716;-0.716656210687
0.142969550525;-0.682278842637
0.150364896443;-0.499949470132
0.248714349281;-0.75151000248
0.284021009857;-0.770974468369
0.389239987394;-0.471916796217
0.492700358851;-0.461162641088
0.526326383524;-0.577046813496
0.450368226261;-0.506907457631
0.794622037208;-0.419271540552
0.547824007725;-0.266469059025
0.510576112573;-0.377961554789
0.61115178066;-0.270685092209
0.644085697297;-0.169024174343
0.506515204347;-0.0893630545167
0.844187946102;-3.62302300852e-15
0.65757846876;0.0
0.822264692073;0.0570987903584
0.889005510688;0.133859280383
0.94086806559;0.196890022017
0.800085303999;0.330947315719
0.600883559138;0.418946246558
0.479277122986;0.457820716537
0.408391654217;0.501755650279
0.383602568854;0.403508990161
0.617975094731;0.625792755823
0.368662729718;0.425939005616
0.280004791832;0.607867627578
0.347569389431;0.854785863734
0.250622179836;0.599325265508
0.140463813842;0.828757090076
0.0935243383105;0.523760662106
-1.92008113552e-16;0.841592316549
-0.0960939574635;0.537016028491
-0.110932525967;0.940812826943
-0.171976854905;0.578254517717
-0.243502857023;0.537873737775
-0.321494741266;0.685971707862
-0.286400467303;0.461069377534
-0.417356412823;0.660892151372
-0.44519587965;0.683210674952
-0.534331886793;0.326160416402
-0.468579275917;0.463058311759
-0.730821981054;0.43361680045
-0.755957544615;0.232130258769
-0.577488185785;0.185772086388
-0.969648032126;0.141691539049
-0.800286134745;0.0761954513195
-0.577484955958;-1.42218945761e-15
-0.88575802018;-0.0690751169751
-0.630578123117;-0.1095148765
-0.612543299535;-0.165803069034
-0.618161232652;-0.23925092238
-0.879647650363;-0.361352348315
-0.512596062046;-0.348934268834
-0.443622619405;-0.621569011357
-0.666271168741;-0.63701565589
-0.603003271079;-0.542536230812
-0.527066897205;-0.579846004098
-0.38654229412;-0.47649417019
-0.329712624625;-0.756491565725
-0.257196459023;-0.92256136645
-0.138225653359;-0.95347118407
-0.0654839341418;-0.5701206009
5.6785979712e-16;-0.670896870831
0.0773511764251;-0.711311307679
0.163979139086;-0.914599262144
0.19107007945;-0.658154379574
0.209038031858;-0.73002522465
0.407595976237;-0.512433439651
0.504457085519;-0.484427495977
0.319459513704;-0.610373643388
0.705202811553;-0.542118243404
0.749328229553;-0.543169201941
0.583389792125;-0.40075860913
0.526617143541;-0.378258645133
0.792483478649;-0.378699013988
0.566976215197;-0.194709665667
0.597705592568;-0.101153900246
0.913825034537;-0.0821901205201
0.889341564052;-3.12670500469e-15
0.840460798467;0.0
0.732822249718;0.080191186207
0.959477905139;0.160370381923
0.94053005211;0.156279475575
0.552174910749;0.353606852973
0.44924654113;0.441835082971
0.524572420307;0.32805736868
0.431005870526;0.486601073867
0.510480676949;0.674670114318
0.332999542633;0.633255835516
0.387365448638;0.512917186892
0.388219236103;0.618885931326
0.308563694571;0.783459455023
0.213247451462;0.78958329432
0.143081114107;0.711876932524
0.060545517427;0.679256453585
-3.17057520379e-16;0.608824535179
-0.0683935079272;0.52078949368
-0.152303450358;0.812370781004
-0.186566984971;0.77505115911
-0.293521730839;0.593536355726
-0.36584726742;0.707202810012
-0.358319479365;0.469119657303
-0.618046579732;0.472371195879
-0.624868622487;0.447391186266
-0.739783621961;0.50546722061
-0.528155629737;0.334045864304
-0.682278749488;0.286721557052
-0.494991898354;0.19412019018
-0.579658503684;0.280569990767
-0.622679870992;0.153057448465
-0.769482407755;0.096841582379
-0.536696143731;-1.40549022575e-15
-0.556538599459;-0.0630855913596
-0.895989945375;-0.167033925386
-0.608813867684;-0.203945600247
-0.509615957616;-0.276317690705
-0.525230195442;-0.368846909763
-0.439169290335;-0.400112468716
-0.583817443816;-0.518418151938
-0.702388732425;-0.394756447453
-0.41575754483;-0.597999167285
-0.535167120275;-0.772364828325
-0.239753953222;-0.711821871749
-0.245718441553;-0.79876004446
-0.288700844643;-0.624237174505
-0.12159235692;-0.955796011142
-0.0976636882698;-0.548204517376
4.58172447218e-16;-0.74795105958
0.0809330363561;-0.897204288877
0.162576644584;-0.886898039704
0.229210957848;-0.8187901496
0.223207033819;-0.851840763958
0.395266285416;-0.474018321816
0.549168626582;-0.674540935608
0.459745099752;-0.733403019192
0.635047668446;-0.533745807912
0.435846402874;-0.552035690318
0.488622287486;-0.448532612716
0.513007209589;-0.346116310393
0.789102119049;-0.219172044494
0.542746354932;-0.229020141577
0.74798619014;-0.0986444574511
0.874362848925;-0.0546746858683
0.943786231971;-4.31678046849e-15
0.823291546476;0.0
0.572792061032;0.0569643843096
0.693985290082;0.126152414892
0.655739245244;0.167802760112
0.661191157111;0.280942476912
0.867277493113;0.445197871649
0.618035653184;0.377419747942
0.724518283724;0.582361978339
0.36903665508;0.656914544297
0.557366624799;0.702448200222
0.323741089418;0.6188198432
0.341009702422;0.72219118877
0.289640913949;0.530124199434
0.289077949414;0.749646108662
0.193799994506;0.818002290027
0.0500438738944;0.75064856797
-2.80906568261e-16;0.832228878246
-0.0705802544498;0.837300324817
-0.167745659719;0.622647067463
-0.153152432847;0.917422048497
-0.290027928786;0.814829986074
-0.301384216299;0.597655028343
-0.458636584348;0.504096337929
-0.553075512073;0.678208228491
-0.642598239415;0.387191251251
-0.579263876963;0.380188456971
-0.609883994204;0.37627203433
-0.460592727554;0.465705825397
-0.900334322365;0.299344471842
-0.567457834147;0.150540167318
-0.596717849489;0.179599914482
-0.845582125365;0.0763689737978
-0.97788315497;-1.353710691e-15
-0.497634683934;-0.0771981543154
-0.821774473235;-0.117847303868
-0.78806491104;-0.276991395114
-0.695468149405;-0.328048128654
-0.537273021852;-0.246351821942
-0.530775055475;-0.333492782411
-0.733629717427;-0.467689239309
-0.391271898676;-0.436128171276
-0.469059723199;-0.621218337765
-0.550736387991;-0.708127601958
-0.414108761984;-0.807518997277
-0.295536419925;-0.904218256816
-0.246509903425;-0.870921421296
-0.118763259656;-0.62704255323
-0.090896771303;-0.829699516589
3.59959830308e-16;-0.552102583413
0.0920819556939;-0.77736934959
0.135261179391;-0.539388150775
0.250897534333;-0.597725106507
0.20672935446;-0.589558330443
0.460347305668;-0.619279762776
0.553186163108;-0.586573521659
0.506306733212;-0.735017868617
0.389923097175;-0.572267756977
0.722639110578;-0.593571722039
0.459221875121;-0.447831355814
0.669670110414;-0.350674043087
0.472982654973;-0.30634354842
0.482466612735;-0.213307372302
0.569431770392;-0.155339507111
0.919444843246;-0.0542148888586
0.622357824358;-4.28097515007e-15
0.570800362799;0.0
0.735321487728;0.0684333904667
0.614012443919;0.163321182565
0.761805845336;0.173388192754
0.522859143262;0.374318162728
0.783381953643;0.270671815696
0.756338904252;0.435529985304
0.68925551554;0.606219611804
0.420726608337;0.558597316585
0.546054529068;0.766639193255
0.466877913707;0.433274922375
0.404878518831;0.602289329278
0.355084448383;0.552656513044
0.218702665782;0.896478101338
0.154619860926;0.851424974215
0.0834359881038;0.719057771569
-3.31208760346e-16;0.976066044244
-0.0771223672729;0.529002084006
-0.179752543314;0.95056549073
-0.235700825121;0.540738623048
-0.379831898103;0.638813039688
-0.361935220376;0.650254866846
-0.542144299775;0.64467627055
-0.338988712768;0.618039497704
-0.606777172001;0.507927629378
-0.728783458916;0.325354452019
-0.518604769817;0.359235118915
-0.648068598979;0.350418452914
-0.582192692652;0.322611036824
-0.649556962594;0.179046310441
-0.777835884451;0.191169723265
-0.75175687012;0.0613812150999
-0.562010899428;-1.94133570118e-15
-0.526986935882;-0.0500993913213
-0.662566342025;-0.128468352239
-0.560212502183;-0.162232856891
-0.472204451062;-0.21542281916
-0.552466188197;-0.293791138743
-0.590043919032;-0.32594889256
-0.484446250475;-0.622005796883
-0.639839431488;-0.660901324162
-0.588788477217;-0.712907679227
-0.30125027365;-0.45996048222
-0.452367464314;-0.529576158037
-0.323305857473;-0.828943032161
-0.198877846905;-0.547062943955
-0.109031297757;-0.865333763202
-0.0726502265413;-0.558838435934
6.52653550567e-16;-0.671544206333
0.0639720109018;-0.943088882962
0.103920549121;-0.532305499953
0.245643209789;-0.836956413235
0.232856395747;-0.814661515302
0.398935815833;-0.810834050102
0.420052552488;-0.652189226476
0.623308565379;-0.422688931985
0.387168875871;-0.394784939961
0.68090194863;-0.522364223205
0.504044252197;-0.337947678611
0.605108003387;-0.414783367416
0.466442342395;-0.259591614397
0.524035600991;-0.154416961915
0.525099940068;-0.124673638376
0.595079076893;-0.0630461200385
0.703935006116;-3.06438301477e-15
0.747355751637;0.0
0.886002415047;0.0600333410472
0.894788071882;0.136245252036
0.664970615007;0.147716404983
0.889103044752;0.215323600989
0.850267329953;0.463578944372
0.761664216948;0.326821198862
0.659883806406;0.319670706294
0.666073234921;0.566619679063
0.47030663641;0.43664759792
0.412127582076;0.829221835734
0.241494111039;0.463188035141
0.319613376582;0.573588317347
0.187621800852;0.80808433168
0.103627690959;0.831633888765
0.0490569709553;0.901340664201
-3.63213477569e-16;0.575469756492
-0.0761443142534;0.683837857332
-0.126122220658;0.570882492634
-0.159692964121;0.885867962861
-0.343177038804;0.873329433319
-0.324976815341;0.651872056424
-0.328234144577;0.703638881136
-0.621830951673;0.731046248547
-0.585084096397;0.417750638978
-0.529612506583;0.517067828447
-0.804737911836;0.444602355302
-0.804713096205;0.417870702742
-0.6974919442;0.295685862497
-0.772627855759;0.198956860248
-0.633962258676;0.176700808304
-0.557370350157;0.0682392084884
-0.78652806248;-1.48043780809e-15
-0.688559864712;-0.0550796367228
-0.743562506352;-0.160926573955
-0.941805699727;-0.21453076458
-0.525831431631;-0.288176185156
-0.848863579599;-0.341784229977
-0.799912856375;-0.518742114453
-0.667852180566;-0.336736853961
-0.363832883935;-0.425792910305
-0.45220057309;-0.530519505084
-0.425415924974;-0.527966720236
-0.339315380643;-0.597404618633
-0.293601096113;-0.866276807581
-0.19222990488;-0.609846424667
-0.188859758175;-0.840668168307
-0.0697894481231;-0.722712434913
6.4738009187e-16;-0.879556071975
0.0958463986605;-0.550632007743
0.100975025325;-0.744880721238
0.158556550384;-0.755085733356
0.298846809139;-0.478957899917
0.404276638851;-0.5897837439
0.423991399505;-0.45565974656
0.562327781888;-0.562211022821
0.653338961178;-0.427842577704
0.713633124107;-0.533134469857
0.636486266603;-0.531600334789
0.654575338996;-0.448535772776
0.600651286377;-0.269858077458
0.482490689761;-0.209632252806
0.562183845345;-0.160986891791
0.820648392541;-0.0545903516386
0.709006477308;-4.0984467952e-15
0.924187386452;0.0
0.921323853649;0.0757742755934
0.640096765924;0.155878274964
0.756318466898;0.175225004269
0.540857241724;0.284703422566
0.631046930635;0.334930761037
0.483634451414;0.335539543841
0.614084610107;0.532358979927
0.430819247587;0.638991445248
0.47965876371;0.494895939641
0.390001381586;0.719770875036
0.33980408544;0.685225690415
0.333561070619;0.885292602416
0.184830791207;0.796969487221
0.137476290024;0.964464585358
0.0711568182475;0.981901442193
-3.00585489605e-16;0.686381216315
-0.094953911785;0.729287852219
-0.123467675657;0.963485746954
-0.281468192621;0.612741734436
-0.281215739657;0.772994049981
-0.459670251785;0.803184056072
-0.296648472212;0.777539482131
-0.579601913598;0.7657461279
-0.676416909661;0.672332161738
-0.389361908275;0.355581998697
-0.567656135567;0.489601129563
-0.577289609028;0.421797877539
-0.554001380121;0.210094965659
-0.523552253056;0.246430633739
-0.710444145534;0.101123166332
-0.887940500429;0.0737561126424
-0.972715544719;-1.23282639851e-15
-0.554910895673;-0.0577710678164
-0.900766671081;-0.132022704948
-0.490281311041;-0.268354914582
-0.495787055019;-0.196065666949
-0.719574064233;-0.307858645779
-0.506983250449;-0.304614695796
-0.760670384536;-0.56547685534
-0.531523660068;-0.490596771261
-0.38507393072;-0.536001942702
-0.305359136822;-0.560626904747
-0.441231276005;-0.579423838814
-0.205517496284;-0.641519408218
-0.251849092204;-0.720581254031
-0.114741852241;-0.539307578407
-0.0510286322482;-0.944905891413
3.80677720462e-16;-0.678947411355
0.0626713328412;-0.945798461488
0.192769438638;-0.948711341582
0.279869974827;-0.782642513717
0.259970277173;-0.618922070587
0.331536616967;-0.674476283562
0.417038130264;-0.783096300448
0.513974795867;-0.702619692424
0.578089432967;-0.592751228144
0.466255099406;-0.4444003297
0.524578392879;-0.549382932596
0.59086523944;-0.255141786266
0.904356789252;-0.210209759661
0.711896767594;-0.262343482398
0.633945678292;-0.164297400398
0.533744800521;-0.0881964010701
0.886399321014;-2.62631791393e-15
0.921904532921;0.0
0.840845709066;0.0634711618764
0.787594549005;0.11622725997
0.66036729822;0.245368433045
0.572701187156;0.217295359629
0.86524088717;0.296851079035
0.615245623689;0.378042332186
0.679918175067;0.580559010579
0.499530465918;0.676461943588
0.558930375439;0.59076260652
0.480862015352;0.771918963809
0.3708844661;0.639016066067
0.216301543449;0.81467025715
0.164806744056;0.718755247735
0.13118832284;0.93310000844
0.058548280958;0.687221264192
-2.47305430908e-16;0.873821448026
-0.0678489047883;0.767409796338
-0.18839894511;0.629015856616
-0.224171601309;0.88955615616
-0.271498757835;0.568199428726
-0.403955990412;0.735689904292
-0.552033847938;0.764707251093
-0.538751452482;0.556254165353
-0.46424881586;0.353554237184
-0.403847305479;0.320885575303
-0.782604736793;0.536599558456
-0.820310236857;0.311367644205
-0.478496189872;0.282095808791
-0.692037102912;0.183187793601
-0.925146517626;0.160453743279
-0.748146737319;0.0531642278563
-0.667172849017;-1.32659274223e-15
-0.602338723279;-0.0507695362008
-0.951081064133;-0.16960309416
-0.544386409117;-0.284302122268
-0.862144443073;-0.33862993931
-0.644964490092;-0.27440359877
-0.510969966717;-0.350623228125
-0.404906565027;-0.326926213275
-0.563363314618;-0.496512437824
-0.601656629092;-0.719987442415
-0.472986987447;-0.51527580181
-0.362393447315;-0.840674315056
-0.227324514898;-0.719112868734
-0.236562732646;-0.833489797281
-0.118369362882;-0.609376194556
-0.0743607744309;-0.625737454605
4.658208249e-16;-0.98614079591
0.082712227483;-0.847855811313
0.0981312472769;-0.971425449295
0.154862596304;-0.832493486381
0.271090177591;-0.707382340656
0.257147521609;-0.553901369912
0.35301698209;-0.555519783962
0.483127988223;-0.714302060562
0.521125153971;-0.493041984132
0.73768331856;-0.514145205048
0.60291112427;-0.36460571129
0.717516520135;-0.404629951029
0.541826026033;-0.250860660384
0.590502098649;-0.226093463503
0.87556054119;-0.179822575628
0.813060214936;-0.0753405768094
0.880954815913;-4.5978456431e-15
