0;0;0.0
0;1;0.249790852206
0;2;0.476188248276
0;3;0.660782700364
0;4;0.793795816043
0;5;0.875425575224
0;6;0.914564429444
0;7;0.925293565562
0;8;0.92217065206
0;9;0.915656172311
0;10;0.908973723035
0;11;0.897286814266
0;12;0.869414812465
0;13;0.811588938031
0;14;0.712168162119
0;15;0.565957520616
0;16;0.376875757004
0;17;0.158176363624
0;18;-0.0698917880337
0;19;-0.2843818284
0;20;-0.464752105268
0;21;-0.597393739168
0;22;-0.678356578873
0;23;-0.713544796514
0;24;-0.716353350309
0;25;-0.703423797964
0;26;-0.689714914391
0;27;-0.684265974778
0;28;-0.687827768803
0;29;-0.693005570302
0;30;-0.686848332632
0;31;-0.655128318376
0;32;-0.587078559126
0;33;-0.479225550547
0;34;-0.337207816057
0;35;-0.175036451484
0;36;-0.0119730338039
0;37;0.132128242816
0;38;0.241731913006
0;39;0.309426626893
0;40;0.337568216053
0;41;0.337302905861
0;42;0.32524043224
0;43;0.318699293853
0;44;0.330841641782
0;45;0.367042931569
0;46;0.423493837469
0;47;0.488406423811
0;48;0.545468261189
0;49;0.578560845273
0;50;0.576407766401
0;51;0.535841593151
0;52;0.462769517183
0;53;0.370566678818
0;54;0.276350795896
0;55;0.196189072831
0;56;0.14059086514
0;57;0.111562289228
0;58;0.102063338288
0;59;0.0980359103523
0;60;0.0824505757645
0;61;0.0402526422183
0;62;-0.0371669908681
0;63;-0.149221992397
0;64;-0.285870901721
0;65;-0.429925210125
0;66;-0.56128980894
0;67;-0.661965052228
0;68;-0.720431575007
0;69;-0.734216068159
0;70;-0.709948586937
0;71;-0.660925994405
0;72;-0.602894563116
0;73;-0.549261970917
0;74;-0.507105730675
0;75;-0.475117667007
0;76;-0.44407621664
0;77;-0.39972367462
0;78;-0.327244393477
0;79;-0.216083388373
0;80;-0.0637410044489
0;81;0.122542271889
0;82;0.326713662285
0;83;0.527226458525
0;84;0.701862555355
0;85;0.832755024272
0;86;0.91025196263
0;87;0.934586541289
0;88;0.914929548293
0;89;0.866128710216
0;90;0.804080043528
0;91;0.741051269182
0;92;0.682281332448
0;93;0.624812580161
0;94;0.558876473523
0;95;0.47142827087
0;96;0.350814449296
0;97;0.191230426495
0;98;-0.00432287461904
0;99;-0.223460822254
1;0;0.0
1;1;0.246333146655
1;2;0.449333657109
1;3;0.574519221914
1;4;0.603024210954
1;5;0.534743139074
1;6;0.387250513615
1;7;0.190967580409
1;8;-0.0180425732758
1;9;-0.205762310266
1;10;-0.346519160571
1;11;-0.426546209634
1;12;-0.444299856287
1;13;-0.407953321181
1;14;-0.331211029657
1;15;-0.228920453616
1;16;-0.113819061316
1;17;0.00478614863499
1;18;0.120361549101
1;19;0.227183611451
1;20;0.318190510724
1;21;0.383810966618
1;22;0.412556091648
1;23;0.393490462758
1;24;0.319956350894
1;25;0.193356945527
1;26;0.0256068176608
1;27;-0.160885804079
1;28;-0.336187835882
1;29;-0.468379526523
1;30;-0.530460666272
1;31;-0.506901781714
1;32;-0.398065956321
1;33;-0.221183656334
1;34;-0.00741636619357
1;35;0.204435802774
1;36;0.376126636762
1;37;0.478074579345
1;38;0.495411363835
1;39;0.430521529961
1;40;0.301544671957
1;41;0.137361191251
1;42;-0.0295295941438
1;43;-0.170345748733
1;44;-0.265724877047
1;45;-0.308490386916
1;46;-0.303059481959
1;47;-0.262021566252
1;48;-0.201163589359
1;49;-0.134555113608
1;50;-0.0711486040428
1;51;-0.0137658870191
1;52;0.0394781066957
1;53;0.0920602023202
1;54;0.145516988484
1;55;0.196871937368
1;56;0.23804680443
1;57;0.257594791902
1;58;0.244287916684
1;59;0.191424681154
1;60;0.100410455034
1;61;-0.0176920917377
1;62;-0.143376780558
1;63;-0.2525810543
1;64;-0.322322170204
1;65;-0.336572180816
1;66;-0.290707998399
1;67;-0.193209823584
1;68;-0.0640200986996
1;69;0.0700942067301
1;70;0.181981092623
1;71;0.250627079065
1;72;0.266009870213
1;73;0.230988672886
1;74;0.159773261555
1;75;0.0734742705361
1;76;-0.0059510236077
1;77;-0.0616157725957
1;78;-0.0858208149816
1;79;-0.0812681956904
1;80;-0.059138291893
1;81;-0.0347235190924
1;82;-0.0220188655719
1;83;-0.0289517743045
1;84;-0.0547114274159
1;85;-0.089980576634
1;86;-0.119980568925
1;87;-0.129380050216
1;88;-0.107547083899
1;89;-0.0525129480439
1;90;0.0276039771584
1;91;0.116208435062
1;92;0.19245885493
1;93;0.236916999353
1;94;0.236983158093
1;95;0.19053469813
1;96;0.106704981706
1;97;0.00357179721821
1;98;-0.0965779996648
1;99;-0.173044029516
2;0;0.0
2;1;0.244938024973
2;2;0.438703533281
2;3;0.541492680564
2;4;0.53355060668
2;5;0.419148370194
2;6;0.225011187928
2;7;-0.00628696382236
2;8;-0.226247612101
2;9;-0.391239474312
2;10;-0.471606117304
2;11;-0.457076311618
2;12;-0.35747426702
2;13;-0.198926585322
2;14;-0.0168320664408
2;15;0.152468558823
2;16;0.279259454408
2;17;0.345598267219
2;18;0.347182076691
2;19;0.291992040516
2;20;0.196574983472
2;21;0.0812824284045
2;22;-0.0341771795863
2;23;-0.133868952586
2;24;-0.207027942886
2;25;-0.24791865879
2;26;-0.254797262577
2;27;-0.228760222182
2;28;-0.173091189603
2;29;-0.0933202447824
2;30;0.00224882128775
2;31;0.102125501002
2;32;0.191998026884
2;33;0.256323827814
2;34;0.281139281234
2;35;0.257549683208
2;36;0.184938264485
2;37;0.072789796557
2;38;-0.0597553327201
2;39;-0.186947751618
2;40;-0.281665961835
2;41;-0.321720053802
2;42;-0.295641377106
2;43;-0.206340146867
2;44;-0.0714448857189
2;45;0.0800511244386
2;46;0.214229330932
2;47;0.300283647757
2;48;0.318146990541
2;49;0.263701520707
2;50;0.150122312937
2;51;0.00487818477866
2;52;-0.13694791787
2;53;-0.241362527418
2;54;-0.283960935356
2;55;-0.256010869236
2;56;-0.166521780162
2;57;-0.0397506025174
2;58;0.0911995612711
2;59;0.192996825143
2;60;0.240641446184
2;61;0.22372757805
2;62;0.148794603098
2;63;0.0372150381901
2;64;-0.0807400006099
2;65;-0.174012820095
2;66;-0.218859632085
2;67;-0.204806061233
2;68;-0.136952179971
2;69;-0.0341377557027
2;70;0.0764039438965
2;71;0.166363794223
2;72;0.213642346975
2;73;0.207695035019
2;74;0.151635443352
2;75;0.0607251309096
2;76;-0.0421383917584
2;77;-0.132561604903
2;78;-0.190706929187
2;79;-0.205690577
2;80;-0.177330226922
2;81;-0.11504904471
2;82;-0.0345337816396
2;83;0.046701877138
2;84;0.113524825039
2;85;0.156066179276
2;86;0.170716362234
2;87;0.159311292068
2;88;0.127137428069
2;89;0.0806671982652
2;90;0.0258818474651
2;91;-0.0323135988441
2;92;-0.0895903490837
2;93;-0.141100297332
2;94;-0.180551275047
2;95;-0.200186594461
2;96;-0.192062794683
2;97;-0.150484541224
2;98;-0.0749103044128
2;99;0.0277141102414
3;0;0.0
3;1;0.251531217511
3;2;0.489391691336
3;3;0.701549808384
3;4;0.879014100306
3;5;1.01679431861
3;6;1.11428772887
3;7;1.17504310552
3;8;1.2059490965
3;9;1.2159801598
3;10;1.21469883608
3;11;1.21074767155
3;12;1.21056242121
3;13;1.21750065351
3;14;1.23151250827
3;15;1.24939372153
3;16;1.26556868706
3;17;1.27326770227
3;18;1.26590068752
3;19;1.23839920571
3;20;1.18830426507
3;21;1.11641824404
3;22;1.02690891595
3;23;0.926841060213
3;24;0.825202814181
3;25;0.731575374306
3;26;0.654653100381
3;27;0.600847289418
3;28;0.57319665308
3;29;0.57076231428
3;30;0.588611845528
3;31;0.618406797917
3;32;0.649515242091
3;33;0.670489460072
3;34;0.670691725553
3;35;0.641827000266
3;36;0.579154154621
3;37;0.482195086965
3;38;0.354836551377
3;39;0.204811012245
3;40;0.0426363446234
3;41;-0.119824690946
3;42;-0.270968010433
3;43;-0.400974810688
3;44;-0.503035290928
3;45;-0.574092220693
3;46;-0.615002685017
3;47;-0.630107088007
3;48;-0.626286274482
3;49;-0.611666185885
3;50;-0.594182636487
3;51;-0.580238386966
3;52;-0.573667755316
3;53;-0.575173286899
3;54;-0.582322517757
3;55;-0.59010263341
3;56;-0.591941013465
3;57;-0.58102435677
3;58;-0.551700133838
3;59;-0.500729235501
3;60;-0.428180287621
3;61;-0.337810896871
3;62;-0.2368606119
3;63;-0.135272285573
3;64;-0.0444485100711
3;65;0.0242761628288
3;66;0.0612199906077
3;67;0.0597569158795
3;68;0.0173238025659
3;69;-0.0641235537707
3;70;-0.17827893076
3;71;-0.315258192678
3;72;-0.462864439922
3;73;-0.60816047104
3;74;-0.739117573525
3;75;-0.846099292723
3;76;-0.922965301843
3;77;-0.967639663562
3;78;-0.982070440563
3;79;-0.971600964707
3;80;-0.943862668351
3;81;-0.907371383682
3;82;-0.870052350085
3;83;-0.837927230413
3;84;-0.81416811189
3;85;-0.798663301774
3;86;-0.788157213318
3;87;-0.776934729711
3;88;-0.75793353391
3;89;-0.724099604317
3;90;-0.669762088334
3;91;-0.591800186306
3;92;-0.490407084808
3;93;-0.36931932639
3;94;-0.235464411212
3;95;-0.0980717124526
3;96;0.0326224793634
3;97;0.146879221894
3;98;0.23693852087
3;99;0.298246848108
4;0;0.0
4;1;0.243698490873
4;2;0.429402307191
4;3;0.513352688774
4;4;0.476665292726
4;5;0.329707162058
4;6;0.109166815406
4;7;-0.131352098993
4;8;-0.334743757154
4;9;-0.454372691319
4;10;-0.465088880976
4;11;-0.368606861548
4;12;-0.192078387664
4;13;0.0195447174634
4;14;0.215203623695
4;15;0.350380442662
4;16;0.397489648843
4;17;0.351525243709
4;18;0.229809958904
4;19;0.0662601587181
4;20;-0.0980423124488
4;21;-0.225345671054
4;22;-0.290065423638
4;23;-0.283856593729
4;24;-0.215944457719
4;25;-0.109044649057
4;26;0.00767426851322
4;27;0.10648497372
4;28;0.1677193705
4;29;0.183523042864
4;30;0.158087100584
4;31;0.104721427876
4;32;0.0409578948208
4;33;-0.0167171528805
4;34;-0.0569855882529
4;35;-0.0756701995452
4;36;-0.075302350463
4;37;-0.0627767275385
4;38;-0.0461063352306
4;39;-0.0314476045754
4;40;-0.021340669539
4;41;-0.0146049022836
4;42;-0.00772622482936
4;43;0.00292865763464
4;44;0.0189788235887
4;45;0.0388037133344
4;46;0.0576918576962
4;47;0.0693205021178
4;48;0.0680409786071
4;49;0.0511515851204
4;50;0.0203304897005
4;51;-0.0183245755006
4;52;-0.0557390244769
4;53;-0.0823769450901
4;54;-0.0910515913719
4;55;-0.0791369714096
4;56;-0.0494619817532
4;57;-0.00957941801644
4;58;0.0303836553731
4;59;0.060636203207
4;60;0.0744934345904
4;61;0.0701511850892
4;62;0.0509279638337
4;63;0.0239295855536
4;64;-0.00240322641678
4;65;-0.021047921992
4;66;-0.028547370276
4;67;-0.0258514104213
4;68;-0.0175912588147
4;69;-0.010054094917
4;70;-0.00857123608702
4;71;-0.0152475360378
4;72;-0.0278655088043
4;73;-0.0404178130887
4;74;-0.0451730407192
4;75;-0.035638227764
4;76;-0.00942714125941
4;77;0.0299977491448
4;78;0.0734399925664
4;79;0.108106355755
4;80;0.121273246837
4;81;0.1044426587
4;82;0.0566958225058
4;83;-0.0139068255735
4;84;-0.0915177180334
4;85;-0.156175988641
4;86;-0.189085575709
4;87;-0.178068110615
4;88;-0.121604102155
4;89;-0.0301827552871
4;90;0.0756160571635
4;91;0.169973536832
4;92;0.228423705955
4;93;0.234436539979
4;94;0.184167156775
4;95;0.0879869194738
4;96;-0.0317383437659
4;97;-0.146131460956
4;98;-0.227141732731
4;99;-0.254789722808
5;0;0.0
5;1;0.248848898412
5;2;0.46843539344
5;3;0.633561846884
5;4;0.726537279444
5;5;0.739474210098
5;6;0.675102865962
5;7;0.546003018815
5;8;0.372405337746
5;9;0.178938097654
5;10;-0.00914521022486
5;11;-0.169651877069
5;12;-0.286474188565
5;13;-0.351500014109
5;14;-0.365152836125
5;15;-0.335536747355
5;16;-0.276392408965
5;17;-0.204259848871
5;18;-0.135362229465
5;19;-0.0827529593472
5;20;-0.0542040239766
5;21;-0.0511692734072
5;22;-0.0689590908455
5;23;-0.0980474292667
5;24;-0.126236133193
5;25;-0.141258188449
5;26;-0.133334741204
5;27;-0.0972204005127
5;28;-0.0333723150534
5;29;0.0519583957698
5;30;0.14771871844
5;31;0.2399419413
5;32;0.314187414062
5;33;0.358093146127
5;34;0.363586831
5;35;0.328365215664
5;36;0.256383639154
5;37;0.157273009585
5;38;0.0447892288789
5;39;-0.065432782754
5;40;-0.158430546532
5;41;-0.222332394108
5;42;-0.250232007887
5;43;-0.241206709711
5;44;-0.200317727354
5;45;-0.137606769359
5;46;-0.0662739894447
5;47;-0.000358538178156
5;48;0.0476783331273
5;49;0.0690585748469
5;50;0.060132673697
5;51;0.0229350910214
5;52;-0.0352255248495
5;53;-0.103053224391
5;54;-0.167196383467
5;55;-0.214490696367
5;56;-0.234138196031
5;57;-0.219469236992
5;58;-0.169014859605
5;59;-0.0867398124978
5;60;0.0185707940977
5;61;0.134640765255
5;62;0.247508466969
5;63;0.343505682235
5;64;0.411096917986
5;65;0.442309430331
5;66;0.433569368167
5;67;0.385869296126
5;68;0.304306162824
5;69;0.197126264363
5;70;0.074478837265
5;71;-0.0528965509506
5;72;-0.174842543679
5;73;-0.282664406929
5;74;-0.369642398003
5;75;-0.431181541548
5;76;-0.46467416066
5;77;-0.469195590513
5;78;-0.445166252944
5;79;-0.394093303126
5;80;-0.318458934399
5;81;-0.221762094856
5;82;-0.10866055331
5;83;0.0148846873338
5;84;0.141579727204
5;85;0.262987948047
5;86;0.370003605111
5;87;0.453609553099
5;88;0.505848799597
5;89;0.520875853373
5;90;0.495912039288
5;91;0.43191980483
5;92;0.333839014115
5;93;0.210290390581
5;94;0.0727376217428
5;95;-0.0658051900996
5;96;-0.192347952273
5;97;-0.29554808403
5;98;-0.367129117972
5;99;-0.402863966288
6;0;0.0
6;1;0.245928205289
6;2;0.446369025185
6;3;0.565949594584
6;4;0.586965909411
6;5;0.512522209613
6;6;0.364606430483
6;7;0.17781049831
6;8;-0.00947372762644
6;9;-0.163977529666
6;10;-0.264309922968
6;11;-0.304004988557
6;12;-0.290458320163
6;13;-0.240521276364
6;14;-0.17438541735
6;15;-0.109706734106
6;16;-0.0576289346549
6;17;-0.0215951539613
6;18;0.00114146566217
6;19;0.0162626411596
6;20;0.0288184202864
6;21;0.0407400930778
6;22;0.0503007032359
6;23;0.0535872157366
6;24;0.0472510681101
6;25;0.0312938051444
6;26;0.0106011418891
6;27;-0.00561934911399
6;28;-0.0065635412495
6;29;0.0160613267855
6;30;0.0639444126502
6;31;0.129653076361
6;32;0.196867783607
6;33;0.243727492006
6;34;0.248627960779
6;35;0.196931722635
6;36;0.086592999505
6;37;-0.0691536515853
6;38;-0.243156812361
6;39;-0.399752002569
6;40;-0.503001989503
6;41;-0.525673259339
6;42;-0.456528595055
6;43;-0.303887305021
6;44;-0.0943767506734
6;45;0.132900636511
6;46;0.335305302171
6;47;0.476377558382
6;48;0.533815158884
6;49;0.50370679174
6;50;0.400081743483
6;51;0.250136686395
6;52;0.0866570959758
6;53;-0.0601669252005
6;54;-0.169305003576
6;55;-0.23221923718
6;56;-0.252398889286
6;57;-0.241677405296
6;58;-0.214811005324
6;59;-0.18418807501
6;60;-0.156325019427
6;61;-0.131083619689
6;62;-0.103569372507
6;63;-0.0677641019182
6;64;-0.0204011428237
6;65;0.0364254908398
6;66;0.0949245183833
6;67;0.143708391676
6;68;0.171604804762
6;69;0.171812324528
6;70;0.144865408475
6;71;0.0992383329075
6;72;0.0491988788626
6;73;0.0104652036621
6;74;-0.00499028495547
6;75;0.00672282574098
6;76;0.039460933975
6;77;0.0783000556175
6;78;0.103811214342
6;79;0.0981816258068
6;80;0.0513468761267
6;81;-0.0348042317388
6;82;-0.145587234309
6;83;-0.256505856909
6;84;-0.339376034719
6;85;-0.369926506332
6;86;-0.334712375559
6;87;-0.235318466233
6;88;-0.0885787490409
6;89;0.0773216913396
6;90;0.229804449799
6;91;0.339973003937
6;92;0.389550901232
6;93;0.374781699836
6;94;0.306298823766
6;95;0.20516188327
6;96;0.0963634220845
6;97;0.00180431751091
6;98;-0.0651856000571
6;99;-0.102254947759
7;0;0.0
7;1;0.248992804695
7;2;0.469933733109
7;3;0.640437459589
7;4;0.748242473415
7;5;0.793509142024
7;6;0.788471737597
7;7;0.754524998687
7;8;0.717375768833
7;9;0.701304772847
7;10;0.723773722648
7;11;0.79153791764
7;12;0.899100460548
7;13;1.02984073206
7;14;1.15957494249
7;15;1.26178379288
7;16;1.31338373426
7;17;1.29980095245
7;18;1.21825619454
7;19;1.07855189433
7;20;0.901188460291
7;21;0.713209153002
7;22;0.542659836691
7;23;0.41284659439
7;24;0.337617127332
7;25;0.318671866747
7;26;0.345475082203
7;27;0.397778510083
7;28;0.450209861539
7;29;0.477936194035
7;30;0.462182423226
7;31;0.394417423698
7;32;0.278307215149
7;33;0.129014959053
7;34;-0.0300022309947
7;35;-0.172011753639
7;36;-0.27276123813
7;37;-0.31573485813
7;38;-0.295780384981
7;39;-0.220326364137
7;40;-0.10792545722
7;41;0.0155668428291
7;42;0.122362237493
7;43;0.188510985479
7;44;0.198841884458
7;45;0.150017226529
7;46;0.0510539901274
7;47;-0.0787937140993
7;48;-0.214330058157
7;49;-0.329963322246
7;50;-0.405307461303
7;51;-0.429634081556
7;52;-0.404217523805
7;53;-0.342069089049
7;54;-0.265117690714
7;55;-0.199442877145
7;56;-0.169584510991
7;57;-0.193151723454
7;58;-0.276889646595
7;59;-0.415049768815
7;60;-0.590415778317
7;61;-0.777767539212
7;62;-0.949043541166
7;63;-1.07909878583
7;64;-1.15082845886
7;65;-1.15856487281
7;66;-1.10902643732
7;67;-1.01962299502
7;68;-0.914488884249
7;69;-0.819101881762
7;70;-0.754648376324
7;71;-0.73334805031
7;72;-0.755743858496
7;73;-0.810539926657
7;74;-0.877022121918
7;75;-0.929541126214
7;76;-0.943094943661
7;77;-0.898811829771
7;78;-0.788156102115
7;79;-0.614953367219
7;80;-0.394799378234
7;81;-0.151977540934
7;82;0.0854563574334
7;83;0.291371726488
7;84;0.446826275487
7;85;0.543772578676
7;86;0.586421217935
7;87;0.589977111242
7;88;0.577029274084
7;89;0.572377080113
7;90;0.597410294527
7;91;0.665254239169
7;92;0.777725489298
7;93;0.924753382568
7;94;1.08639227535
7;95;1.23699283761
7;96;1.35063718236
7;97;1.40667161691
7;98;1.39415021757
7;99;1.31423642444
8;0;0.0
8;1;0.248775948953
8;2;0.46819652265
8;3;0.634541334926
8;4;0.734073727263
8;5;0.765137725155
8;6;0.737595899177
8;7;0.669852049684
8;8;0.584279202768
8;9;0.502228535639
8;10;0.439841085759
8;11;0.405615872981
8;12;0.400182484307
8;13;0.418121878341
8;14;0.451138972716
8;15;0.491557878289
8;16;0.535071250542
8;17;0.581934791461
8;18;0.636280941901
8;19;0.7037963722
8;20;0.788506724192
8;21;0.889699711753
8;22;1.0000123516
8;23;1.10540798167
8;24;1.18725285354
8;25;1.22610931927
8;26;1.20635449959
8;27;1.12045057629
8;28;0.971717397488
8;29;0.774790444785
8;30;0.553505665919
8;31;0.336594331137
8;32;0.152129349745
8;33;0.0219930785298
8;34;-0.0423517094153
8;35;-0.0418163475117
8;36;0.0110515975258
8;37;0.0952619154661
8;38;0.186206660926
8;39;0.260920890266
8;40;0.302521651181
8;41;0.302825595644
8;42;0.262650864019
8;43;0.189924849561
8;44;0.0962821319844
8;45;-0.0068013391018
8;46;-0.111222973947
8;47;-0.213939207477
8;48;-0.31671685464
8;49;-0.424120743938
8;50;-0.54042743831
8;51;-0.666474042603
8;52;-0.797481874005
8;53;-0.922627686821
8;54;-1.02664231272
8;55;-1.09313234407
8;56;-1.10880527607
8;57;-1.06747556824
8;58;-0.97272562084
8;59;-0.838398986884
8;60;-0.686638012805
8;61;-0.543806226557
8;62;-0.435192263048
8;63;-0.379729138054
8;64;-0.385988937469
8;65;-0.450418163811
8;66;-0.558236872813
8;67;-0.686774083415
8;68;-0.810420058943
8;69;-0.905994832058
8;70;-0.957258375878
8;71;-0.957537157525
8;72;-0.909946037184
8;73;-0.825309147047
8;74;-0.718463843816
8;75;-0.604016898994
8;76;-0.492713995946
8;77;-0.389363514535
8;78;-0.292788049055
8;79;-0.197692221396
8;80;-0.0977935205726
8;81;0.0107883929599
8;82;0.126954287243
8;83;0.243693572183
8;84;0.349158137064
8;85;0.429521212692
8;86;0.472872846151
8;87;0.473074743303
8;88;0.432460482355
8;89;0.362537064374
8;90;0.282352214359
8;91;0.214805508269
8;92;0.181737286207
8;93;0.198978131111
8;94;0.272587806755
8;95;0.397239770226
8;96;0.557183706078
8;97;0.729578539621
8;98;0.88939785448
8;99;1.01472185143
9;0;0.0
9;1;0.24760474929
9;2;0.459189143567
9;3;0.606102897076
9;4;0.672808055913
9;5;0.659743766008
9;6;0.582728961212
9;7;0.469110751541
9;8;0.35159702683
9;9;0.261209201348
9;10;0.220942319248
9;11;0.241497700106
9;12;0.319921412184
9;13;0.441276881763
9;14;0.582776634702
9;15;0.71926524985
9;16;0.828704257998
9;17;0.89640493837
9;18;0.917146797384
9;19;0.894895951555
9;20;0.840445363079
9;21;0.767783621341
9;22;0.690244866691
9;23;0.617450350587
9;24;0.553749722937
9;25;0.498401887427
9;26;0.447235113726
9;27;0.395130645969
9;28;0.338486086552
9;29;0.276876849603
9;30;0.213418486474
9;31;0.153751610686
9;32;0.104001376636
9;33;0.0683814156731
9;34;0.0472278921541
9;35;0.036131115412
9;36;0.0265144950613
9;37;0.00758441785622
9;38;-0.0308384855679
9;39;-0.0953776693081
9;40;-0.186886948065
9;41;-0.299633168989
9;42;-0.422179509049
9;43;-0.539812911733
9;44;-0.637928215191
9;45;-0.705500524753
9;46;-0.737727341286
9;47;-0.73712183176
9;48;-0.712739175263
9;49;-0.677714033257
9;50;-0.645745634603
9;51;-0.627462130867
9;52;-0.627644066769
9;53;-0.644069706055
9;54;-0.668315817289
9;55;-0.688318195247
9;56;-0.692008069204
9;57;-0.671027086827
9;58;-0.623474199911
9;59;-0.554872948873
9;60;-0.477011740997
9;61;-0.404884212341
9;62;-0.352490337373
9;63;-0.328606981271
9;64;-0.333699700151
9;65;-0.358899079341
9;66;-0.387459601113
9;67;-0.398480991016
9;68;-0.372063716592
9;69;-0.294651374453
9;70;-0.163198232245
9;71;0.0129699338703
9;72;0.213206711368
9;73;0.409413168638
9;74;0.57192788697
9;75;0.676116790527
9;76;0.708123376528
9;77;0.668392810628
9;78;0.572075973772
9;79;0.446137055973
9;80;0.323759147832
9;81;0.237280448285
9;82;0.211244625839
9;83;0.257127649336
9;84;0.370915662361
9;85;0.53404863603
9;86;0.717472093786
9;87;0.887839042769
9;88;1.01444106584
9;89;1.07532582923
9;90;1.06129786107
9;91;0.977032425031
9;92;0.839221760835
9;93;0.672348564606
9;94;0.503182576676
9;95;0.355310800056
9;96;0.244903518134
9;97;0.178531639513
9;98;0.153297621532
9;99;0.158969883467
10;0;0.0
10;1;0.247915343437
10;2;0.461533854209
10;3;0.613276537165
10;4;0.687579646217
10;5;0.683660587048
10;6;0.615191629929
10;7;0.506990810168
10;8;0.389481545384
10;9;0.292145758371
10;10;0.237396492379
10;11;0.236182570871
10;12;0.28623708096
10;13;0.373284217312
10;14;0.47485932596
10;15;0.565822009218
10;16;0.624279381501
10;17;0.636565431376
10;18;0.600156746912
10;19;0.523889899333
10;20;0.425470810172
10;21;0.326889633527
10;22;0.248835068837
10;23;0.205431061849
10;24;0.200544863284
10;25;0.226555126775
10;26;0.265903527364
10;27;0.295111043642
10;28;0.290366044191
10;29;0.233416141625
10;30;0.116405568616
10;31;-0.0554830762334
10;32;-0.264246141083
10;33;-0.482165796519
10;34;-0.67718962115
10;35;-0.81944898162
10;36;-0.887511885236
10;37;-0.873004163299
10;38;-0.782573136192
10;39;-0.636736691276
10;40;-0.465833405699
10;41;-0.30391803561
10;42;-0.181892874447
10;43;-0.121330824229
10;44;-0.130294174175
10;45;-0.202017717252
10;46;-0.316702154191
10;47;-0.445991066935
10;48;-0.559130059413
10;49;-0.629455759603
10;50;-0.639811050812
10;51;-0.585740295676
10;52;-0.475825128134
10;53;-0.329163299862
10;54;-0.170626397746
10;55;-0.0250160700397
10;56;0.0885340529698
10;57;0.160641184086
10;58;0.193334517922
10;59;0.198953275318
10;60;0.196578562307
10;61;0.206862922102
10;62;0.246488909565
10;63;0.323573011843
10;64;0.435114661977
10;65;0.56712091682
10;66;0.697421642409
10;67;0.800567071103
10;68;0.853710635252
10;69;0.842136527415
10;70;0.763150080155
10;71;0.627398660395
10;72;0.457254776768
10;73;0.28254648783
10;74;0.134517331869
10;75;0.0393050998623
10;76;0.0123538356454
10;77;0.0549868704853
10;78;0.153910040262
10;79;0.283783564978
10;80;0.412336853675
10;81;0.506948897672
10;82;0.541299383445
10;83;0.50068200232
10;84;0.384864368527
10;85;0.207913546989
10;86;-0.00493566692382
10;87;-0.222655899808
10;88;-0.414856506302
10;89;-0.557867018247
10;90;-0.639173191256
10;91;-0.659287534852
10;92;-0.63071734549
10;93;-0.574341465333
10;94;-0.514077531415
10;95;-0.471087838805
10;96;-0.458853953909
10;97;-0.480231783507
10;98;-0.527131245913
10;99;-0.582854989507
11;0;0.0
11;1;0.251261220431
11;2;0.48712390581
11;3;0.693322215417
11;4;0.85776319169
11;5;0.971389870588
11;6;1.02879791105
11;7;1.02855742223
11;8;0.973216815145
11;9;0.868992523772
11;10;0.725174972669
11;11;0.553304906842
11;12;0.366193087265
11;13;0.176868768922
11;14;-0.00245273275762
11;15;-0.161296100136
11;16;-0.291669021801
11;17;-0.388562699771
11;18;-0.450172674781
11;19;-0.477828104749
11;20;-0.475643728499
11;21;-0.449933301732
11;22;-0.408444128459
11;23;-0.35948759241
11;24;-0.311048985075
11;25;-0.269960716402
11;26;-0.241216148741
11;27;-0.227487466583
11;28;-0.228891459615
11;29;-0.243023639664
11;30;-0.265255866586
11;31;-0.289267914892
11;32;-0.307761414996
11;33;-0.313287344782
11;34;-0.299107296231
11;35;-0.260005098244
11;36;-0.192969383683
11;37;-0.0976790012684
11;38;0.0232592110364
11;39;0.164348425871
11;40;0.317518652401
11;41;0.472699875698
11;42;0.618605247444
11;43;0.743658276148
11;44;0.836983932048
11;45;0.889376594327
11;46;0.894158491059
11;47;0.847850696118
11;48;0.750594148645
11;49;0.606279223194
11;50;0.422367269693
11;51;0.20941408406
11;52;-0.0196688674255
11;53;-0.250556740717
11;54;-0.468580465976
11;55;-0.659834738415
11;56;-0.812233042801
11;57;-0.916422047921
11;58;-0.966479427046
11;59;-0.960337444734
11;60;-0.899897909064
11;61;-0.790830295062
11;62;-0.642071715474
11;63;-0.465072608476
11;64;-0.272853337555
11;65;-0.078952508451
11;66;0.103643641627
11;67;0.263500656848
11;68;0.391580997244
11;69;0.481866024018
11;70;0.531706059855
11;71;0.541873935916
11;72;0.516323570565
11;73;0.461680893626
11;74;0.386517565209
11;75;0.300476412485
11;76;0.213329714803
11;77;0.134056362408
11;78;0.070021104883
11;79;0.0263288862394
11;80;0.00541058594727
11;81;0.00687487226485
11;82;0.0276362834678
11;83;0.0623043006375
11;84;0.10379434022
11;85;0.144101411281
11;86;0.175162454755
11;87;0.18972542108
11;88;0.182142650981
11;89;0.149013133962
11;90;0.0896120900788
11;91;0.00606579829311
11;92;-0.0967470772728
11;93;-0.2115613344
11;94;-0.329327355033
11;95;-0.439996755964
11;96;-0.533421663193
11;97;-0.600286789492
11;98;-0.632989815824
11;99;-0.626389483914
12;0;0.0
12;1;0.250331907615
12;2;0.480027141101
12;3;0.671196053639
12;4;0.811017795842
12;5;0.893281000734
12;6;0.918914750985
12;7;0.895444826373
12;8;0.83548294189
12;9;0.754509769866
12;10;0.668320801232
12;11;0.590550119855
12;12;0.530664181807
12;13;0.492730659995
12;14;0.475132024542
12;15;0.471233405721
12;16;0.470856848247
12;17;0.462285779765
12;18;0.434445369526
12;19;0.378888432064
12;20;0.291263705449
12;21;0.172043865609
12;22;0.0264256863706
12;23;-0.136540073657
12;24;-0.305401754555
12;25;-0.468063515463
12;26;-0.613527071304
12;27;-0.733318618159
12;28;-0.82237284711
12;29;-0.879256092683
12;30;-0.905738111453
12;31;-0.905842939057
12;32;-0.884601596361
12;33;-0.84677663918
12;34;-0.795822797592
12;35;-0.733291295996
12;36;-0.658789409361
12;37;-0.570490180178
12;38;-0.466072521747
12;39;-0.343881245676
12;40;-0.204047406022
12;41;-0.0493114703288
12;42;0.11465471033
12;43;0.279535976489
12;44;0.435261522632
12;45;0.571360653357
12;46;0.678555437826
12;47;0.750300182416
12;48;0.783971828492
12;49;0.781465293951
12;50;0.749045820477
12;51;0.696439931231
12;52;0.635284841427
12;53;0.577178143135
12;54;0.531652674454
12;55;0.504429494739
12;56;0.49626810889
12;57;0.502641660011
12;58;0.514330215298
12;59;0.518869938282
12;60;0.502646449822
12;61;0.453303154676
12;62;0.362070836393
12;63;0.225625689202
12;64;0.0471503831857
12;65;-0.163603462979
12;66;-0.391292924698
12;67;-0.616873128577
12;68;-0.820118670718
12;69;-0.98239047771
12;70;-1.08921714702
12;71;-1.13228595316
12;72;-1.11053137135
12;73;-1.03015295307
12;74;-0.903565831025
12;75;-0.747457562264
12;76;-0.580266186146
12;77;-0.419483038373
12;78;-0.279205718489
12;79;-0.168318667123
12;80;-0.0895698335165
12;81;-0.039660839468
12;82;-0.010300672641
12;83;0.00998252530904
12;84;0.0335947953549
12;85;0.0715791636995
12;86;0.131647676673
12;87;0.216854478435
12;88;0.325103494151
12;89;0.449537170768
12;90;0.579702677731
12;91;0.703264825322
12;92;0.807951990459
12;93;0.883395621653
12;94;0.922558166297
12;95;0.922530648576
12;96;0.884602728332
12;97;0.813642142254
12;98;0.716942532122
12;99;0.602787079948
13;0;0.0
13;1;0.247061116088
13;2;0.455067189381
13;3;0.593386093571
13;4;0.646245108127
13;5;0.615687148918
13;6;0.520411617467
13;7;0.390869883845
13;8;0.2618817522
13;9;0.164602629865
13;10;0.119766307474
13;11;0.13374279363
13;12;0.198195893094
13;13;0.293204794216
13;14;0.392868402874
13;15;0.471854074199
13;16;0.51121491245
13;17;0.502098569973
13;18;0.446606805037
13;19;0.355855059661
13;20;0.246007992508
13;21;0.133539654581
13;22;0.0310721918048
13;23;-0.0551240334611
13;24;-0.125438372777
13;25;-0.185170757618
13;26;-0.241446355878
13;27;-0.299859280278
13;28;-0.361926137401
13;29;-0.42412651599
13;30;-0.478785457762
13;31;-0.516473111299
13;32;-0.529131761816
13;33;-0.512924894001
13;34;-0.46989544825
13;35;-0.40788799659
13;36;-0.338718880159
13;37;-0.27511004137
13;38;-0.227278092134
13;39;-0.200179259488
13;40;-0.192221926255
13;41;-0.195828388754
13;42;-0.19968408116
13;43;-0.192016990565
13;44;-0.163949213329
13;45;-0.111946009423
13;46;-0.0386607803885
13;47;0.0480432619965
13;48;0.137565357799
13;49;0.219752953325
13;50;0.28780338609
13;51;0.33996901528
13;52;0.379519569968
13;53;0.412957397285
13;54;0.447038489083
13;55;0.485555749965
13;56;0.526963253994
13;57;0.563713529393
13;58;0.58369286304
13;59;0.57350592496
13;60;0.522763091173
13;61;0.428141344466
13;62;0.29594722049
13;63;0.142239570732
13;64;-0.00980310616842
13;65;-0.134824023411
13;66;-0.211403004322
13;67;-0.227792440306
13;68;-0.185706282466
13;69;-0.101005373334
13;70;-0.000869451188782
13;71;0.0820574830545
13;72;0.11724978375
13;73;0.0838036434114
13;74;-0.0240056844006
13;75;-0.194561524728
13;76;-0.400785299181
13;77;-0.605718411637
13;78;-0.770545642144
13;79;-0.863179937722
13;80;-0.865372674754
13;81;-0.776663980926
13;82;-0.614257174102
13;83;-0.408894681168
13;84;-0.197777968369
13;85;-0.0162679581387
13;86;0.109645986231
13;87;0.168366576102
13;88;0.164127422805
13;89;0.114693643311
13;90;0.0460871700716
13;91;-0.01421001855
13;92;-0.0438281257612
13;93;-0.0302733386475
13;94;0.0271435185667
13;95;0.118451343251
13;96;0.22667073023
13;97;0.332802657395
13;98;0.42072555014
13;99;0.480713349195
14;0;0.0
14;1;0.246714643944
14;2;0.452369814262
14;3;0.584673160476
14;4;0.626759364347
14;5;0.580166254524
14;6;0.463475696736
14;7;0.307050479408
14;8;0.145261923129
14;9;0.00820245490353
14;10;-0.0850371583009
14;11;-0.129891815783
14;12;-0.135870077436
14;13;-0.122392140866
14;14;-0.11214227536
14;15;-0.123786874902
14;16;-0.166045095368
14;17;-0.234713407592
14;18;-0.31344334026
14;19;-0.378065583933
14;20;-0.403307354246
14;21;-0.370109982389
14;22;-0.271585399116
14;23;-0.11599523414
14;24;0.074097111978
14;25;0.266363376939
14;26;0.425846045749
14;27;0.522931251824
14;28;0.540178892185
14;29;0.476317080594
14;30;0.346423927718
14;31;0.178277556555
14;32;0.00580849553057
14;33;-0.138705491414
14;34;-0.231779619288
14;35;-0.263481069299
14;36;-0.238724625204
14;37;-0.174915627082
14;38;-0.0966699577768
14;39;-0.0290514408938
14;40;0.0089071520634
14;41;0.0087662802379
14;42;-0.0257619394126
14;43;-0.080537257276
14;44;-0.135418652844
14;45;-0.170135537457
14;46;-0.170006901545
14;47;-0.130000378744
14;48;-0.0561008883007
14;49;0.036308218034
14;50;0.126557012476
14;51;0.194156991521
14;52;0.224158687349
14;53;0.210993396272
14;54;0.159819631885
14;55;0.0850660512293
14;56;0.00659806398233
14;57;-0.0554576339314
14;58;-0.0858720059229
14;59;-0.0781324241224
14;60;-0.0359728969108
14;61;0.0277234372654
14;62;0.0943100098747
14;63;0.144139892598
14;64;0.161475159559
14;65;0.138315955555
14;66;0.0762389577153
14;67;-0.0141302546548
14;68;-0.115779265441
14;69;-0.209353266734
14;70;-0.277525955868
14;71;-0.308621331069
14;72;-0.298665963375
14;73;-0.25150038729
14;74;-0.177093632392
14;75;-0.0886481442555
14;76;0.000658607259245
14;77;0.0804316418427
14;78;0.14466356385
14;79;0.1919069008
14;80;0.224152287979
14;81;0.244900211671
14;82;0.257101444105
14;83;0.261624835163
14;84;0.256707432182
14;85;0.238519024323
14;86;0.202629157239
14;87;0.145898556318
14;88;0.0682010377708
14;89;-0.0265573474886
14;90;-0.130443177939
14;91;-0.232549651007
14;92;-0.320832887454
14;93;-0.384259160954
14;94;-0.414728692385
14;95;-0.408331122489
14;96;-0.365695708827
14;97;-0.291458608991
14;98;-0.193101226498
14;99;-0.0795503975116
15;0;0.0
15;1;0.251065117922
15;2;0.485612380167
15;3;0.688532131252
15;4;0.847389221707
15;5;0.953421232957
15;6;1.00217202278
15;7;0.9937040242
15;8;0.932378568605
15;9;0.826239865228
15;10;0.686079849468
15;11;0.52429321743
15;12;0.353651056622
15;13;0.18612559651
15;14;0.0318875591923
15;15;-0.101426997817
15;16;-0.209118396479
15;17;-0.289472587631
15;18;-0.343478817941
15;19;-0.374274451293
15;20;-0.38640503544
15;21;-0.385005227689
15;22;-0.375010061957
15;23;-0.36049614131
15;24;-0.344230264448
15;25;-0.32747181501
15;26;-0.31003911715
15;27;-0.290613602491
15;28;-0.267223715428
15;29;-0.237827053971
15;30;-0.200897221934
15;31;-0.155922687378
15;32;-0.103738375176
15;33;-0.0466349196319
15;34;0.0117777631506
15;35;0.0669408509619
15;36;0.113905425109
15;37;0.148006181338
15;38;0.165558001335
15;39;0.164476888474
15;40;0.144733377299
15;41;0.108565532734
15;42;0.0604078046162
15;43;0.00652771529142
15;44;-0.0455998301733
15;45;-0.088115700535
15;46;-0.113704340412
15;47;-0.116516375902
15;48;-0.0929724220838
15;49;-0.0423447443096
15;50;0.0329632845797
15;51;0.127486266732
15;52;0.233120510834
15;53;0.339866574614
15;54;0.436816170538
15;55;0.513278434249
15;56;0.559921859913
15;57;0.569803778456
15;58;0.539169809463
15;59;0.467930176236
15;60;0.359755380088
15;61;0.221776373051
15;62;0.0639190686857
15;63;-0.10205546377
15;64;-0.263700361315
15;65;-0.409095749394
15;66;-0.527992001511
15;67;-0.612759095234
15;68;-0.659040589958
15;69;-0.666045275774
15;70;-0.636451581546
15;71;-0.575944398998
15;72;-0.492445809643
15;73;-0.395135373213
15;74;-0.293378167975
15;75;-0.195687095842
15;76;-0.108839224333
15;77;-0.0372450891074
15;78;0.0173624335093
15;79;0.0558928561108
15;80;0.081531966592
15;81;0.099100270989
15;82;0.114223911673
15;83;0.132427314758
15;84;0.158264504513
15;85;0.194599271187
15;86;0.24212417427
15;87;0.299177322748
15;88;0.36187791787
15;89;0.424561407932
15;90;0.480457753352
15;91;0.522526316682
15;92;0.544341916606
15;93;0.540920872687
15;94;0.50938401958
15;95;0.449374567234
15;96;0.363179637514
15;97;0.255541397527
15;98;0.133182276795
15;99;0.00410398297115
16;0;0.0
16;1;0.248281450972
16;2;0.464217329577
16;3;0.621042027706
16;4;0.702118680914
16;5;0.703623472466
16;6;0.634888889288
16;7;0.516374640882
16;8;0.375681509213
16;9;0.242384417398
16;10;0.14266746662
16;11;0.0947579379738
16;12;0.105979114435
16;13;0.171911825801
16;14;0.277739849954
16;15;0.401437977107
16;16;0.518125193291
16;17;0.604712547766
16;18;0.643958939928
16;19;0.627205135779
16;20;0.555349022881
16;21;0.437989707584
16;22;0.291028630349
16;23;0.133300201047
16;24;-0.0170413185327
16;25;-0.145652877384
16;26;-0.244073987865
16;27;-0.310418077462
16;28;-0.348671053886
16;29;-0.366875005337
16;30;-0.374688480189
16;31;-0.380909843526
16;32;-0.391512684463
16;33;-0.408587212304
16;34;-0.430348925126
16;35;-0.452120718228
16;36;-0.467974859869
16;37;-0.472584631711
16;38;-0.462809342715
16;39;-0.438622559755
16;40;-0.403168073925
16;41;-0.361948290052
16;42;-0.321363136514
16;43;-0.286974778619
16;44;-0.261938824609
16;45;-0.246002480316
16;46;-0.235334855881
16;47;-0.223256677623
16;48;-0.201722404303
16;49;-0.163226945775
16;50;-0.10270359767
16;51;-0.0189737746689
16;52;0.084595863129
16;53;0.200398810256
16;54;0.317812227562
16;55;0.425088592186
16;56;0.511515300193
16;57;0.569381141854
16;58;0.59533070085
16;59;0.590823266413
16;60;0.56161106224
16;61;0.516367638327
16;62;0.464782350929
16;63;0.415549308248
16;64;0.374693905629
16;65;0.344594320756
16;66;0.3238892303
16;67;0.308255060728
16;68;0.291834421345
16;69;0.268948722967
16;70;0.235666965588
16;71;0.190843710862
16;72;0.136373095607
16;73;0.0766013687425
16;74;0.0170519602263
16;75;-0.0372058117965
16;76;-0.0831137876514
16;77;-0.120681096173
16;78;-0.153222211185
16;79;-0.186652214838
16;80;-0.227947041461
16;81;-0.283095252475
16;82;-0.355020328128
16;83;-0.441999210798
16;84;-0.537027316451
16;85;-0.628393258819
16;86;-0.701464917361
16;87;-0.741407759144
16;88;-0.736319040476
16;89;-0.68012354308
16;90;-0.574574371847
16;91;-0.429844380065
16;92;-0.263457125982
16;93;-0.0976405633861
16;94;0.0444760676295
16;95;0.143133149142
16;96;0.185850762909
16;97;0.170174000105
16;98;0.104640865984
16;99;0.00768559237086
17;0;0.0
17;1;0.245260325175
17;2;0.441329455647
17;3;0.550551802074
17;4;0.555359135719
17;5;0.461669528455
17;6;0.296365097514
17;7;0.0996736373462
17;8;-0.0853787496385
17;9;-0.223555734233
17;10;-0.295241242074
17;11;-0.29957411602
17;12;-0.252320985337
17;13;-0.179407289842
17;14;-0.108202823298
17;15;-0.0591986430521
17;16;-0.0404790798656
17;17;-0.0464733158166
17;18;-0.0611489827196
17;19;-0.0644794888842
17;20;-0.040065886083
17;21;0.0185065050091
17;22;0.104571081662
17;23;0.199523376442
17;24;0.277891821891
17;25;0.314833785876
17;26;0.293819799845
17;27;0.212199432484
17;28;0.0829525720853
17;29;-0.0679644043491
17;30;-0.207993430882
17;31;-0.306314253958
17;32;-0.341830744301
17;33;-0.308591105692
17;34;-0.217162195408
17;35;-0.091620957939
17;36;0.0369537136827
17;37;0.138655350748
17;38;0.192340546255
17;39;0.190607421978
17;40;0.140913536978
17;41;0.0626871496925
17;42;-0.0186102936642
17;43;-0.0787173757092
17;44;-0.101073741969
17;45;-0.0808622345433
17;46;-0.025632081394
17;47;0.0474629367252
17;48;0.11684816115
17;49;0.16256502554
17;50;0.171464263738
17;51;0.140214206064
17;52;0.0754907200785
17;53;-0.00845176777756
17;54;-0.0939195926274
17;55;-0.164332003901
17;56;-0.207908652969
17;57;-0.219604785201
17;58;-0.20101884811
17;59;-0.158627785199
17;60;-0.10115901678
17;61;-0.0370589829929
17;62;0.0271556099507
17;63;0.0872926733455
17;64;0.140754712101
17;65;0.185223419732
17;66;0.217483819267
17;67;0.233019512093
17;68;0.226681558549
17;69;0.19429121374
17;70;0.134639935668
17;71;0.0511398738465
17;72;-0.0475692930317
17;73;-0.148449367749
17;74;-0.236267926251
17;75;-0.296663902808
17;76;-0.319258195998
17;77;-0.299944727826
17;78;-0.241722644875
17;79;-0.153858560207
17;80;-0.0496610630853
17;81;0.0564516354561
17;82;0.151735068962
17;83;0.227000855651
17;84;0.277191005463
17;85;0.30070485007
17;86;0.297968825624
17;87;0.269981556485
17;88;0.217534560313
17;89;0.141508833396
17;90;0.0441800108691
17;91;-0.06900679268
17;92;-0.188033728254
17;93;-0.298128686358
17;94;-0.381340697663
17;95;-0.419848169107
17;96;-0.400341783071
17;97;-0.318324137831
17;98;-0.180985170603
17;99;-0.00754025540558
18;0;0.0
18;1;0.249937398207
18;2;0.476898564473
18;3;0.660790507208
18;4;0.786855688938
18;5;0.847332463598
18;6;0.8420915765
18;7;0.778181621573
18;8;0.668389944246
18;9;0.529078445761
18;10;0.377660725849
18;11;0.23013079066
18;12;0.0990280030189
18;13;-0.0078660817718
18;14;-0.0879391682225
18;15;-0.14326623699
18;16;-0.179384883392
18;17;-0.203599227188
18;18;-0.223151924311
18;19;-0.243609297047
18;20;-0.267748064893
18;21;-0.295125431318
18;22;-0.322377961312
18;23;-0.344154318178
18;24;-0.35446833855
18;25;-0.348183536452
18;26;-0.322321129508
18;27;-0.276923715034
18;28;-0.215297504142
18;29;-0.14357994256
18;30;-0.0697129804231
18;31;-0.00201993174021
18;32;0.0523364570014
18;33;0.0887105525054
18;34;0.105872593075
18;35;0.106261693508
18;36;0.095526694376
18;37;0.081424589308
18;38;0.0722715179224
18;39;0.0752320134039
18;40;0.09477082867
18;41;0.131570153032
18;42;0.182136298512
18;43;0.239197492942
18;44;0.29285000851
18;45;0.332269582997
18;46;0.347694723273
18;47;0.332328765233
18;48;0.283810411781
18;49;0.204968689418
18;50;0.103697272249
18;51;-0.00806530007857
18;52;-0.116105197902
18;53;-0.206172238275
18;54;-0.266317745457
18;55;-0.288933653508
18;56;-0.272136503435
18;57;-0.220243754386
18;58;-0.143238892419
18;59;-0.0552909715901
18;60;0.0274454679449
18;61;0.0894003078829
18;62;0.118111877899
18;63;0.10629301016
18;64;0.0530998326392
18;65;-0.0356062442199
18;66;-0.148048213238
18;67;-0.268248033792
18;68;-0.378389682605
18;69;-0.461451879356
18;70;-0.503693268768
18;71;-0.496604173613
18;72;-0.438033802199
18;73;-0.332342881461
18;74;-0.18959424924
18;75;-0.02394982579
18;76;0.148434907343
18;77;0.311658500949
18;78;0.452097420436
18;79;0.55989808109
18;80;0.629737558785
18;81;0.660792389238
18;82;0.65599828689
18;83;0.620805611441
18;84;0.561714469446
18;85;0.484896200195
18;86;0.395171950421
18;87;0.295532291607
18;88;0.187261859857
18;89;0.0706032584166
18;90;-0.0542199907636
18;91;-0.185878830312
18;92;-0.320994786352
18;93;-0.45362709896
18;94;-0.57535770027
18;95;-0.676021707224
18;96;-0.744998685361
18;97;-0.772859539648
18;98;-0.753078845352
18;99;-0.683489840649
19;0;0.0
19;1;0.2472686527
19;2;0.456630071339
19;3;0.598136966184
19;4;0.655881588269
19;5;0.630780821151
19;6;0.539466508258
19;7;0.409635972807
19;8;0.273073120304
19;9;0.158092266392
19;10;0.0832527783392
19;11;0.0538254923098
19;12;0.0617624580727
19;13;0.0890214089183
19;14;0.113257341411
19;15;0.114327752265
19;16;0.0799033836525
19;17;0.0087624346192
19;18;-0.0890111646172
19;19;-0.194879832462
19;20;-0.286919039902
19;21;-0.34571060182
19;22;-0.359496531667
19;23;-0.327259830391
19;24;-0.258970051361
19;25;-0.17298460709
19;26;-0.0913312866903
19;27;-0.0341236205852
19;28;-0.0145486674204
19;29;-0.0356786657499
19;30;-0.0898551211602
19;31;-0.160717579017
19;32;-0.227281071209
19;33;-0.268978601381
19;34;-0.270396505767
19;35;-0.224576136359
19;36;-0.134180638227
19;37;-0.0104048563075
19;38;0.129920909754
19;39;0.268167120717
19;40;0.387657265549
19;41;0.476437585209
19;42;0.528520696819
19;43;0.543530664322
19;44;0.525124620048
19;45;0.478864855644
19;46;0.410289411802
19;47;0.323771568151
19;48;0.222430518475
19;49;0.108966191513
19;50;-0.0130356795484
19;51;-0.137945507327
19;52;-0.257647318938
19;53;-0.362136868631
19;54;-0.441125369672
19;55;-0.486251239954
19;56;-0.493253509831
19;57;-0.463408542543
19;58;-0.403700449437
19;59;-0.32554179236
19;60;-0.242285950036
19;61;-0.166149644775
19;62;-0.105377013778
19;63;-0.062453394073
19;64;-0.033913265553
19;65;-0.0118492333745
19;66;0.0132617779522
19;67;0.0492013970061
19;68;0.0991004873763
19;69;0.159872851128
19;70;0.222538578676
19;71;0.274457823741
19;72;0.302935290924
19;73;0.299219596445
19;74;0.261740848082
19;75;0.197569020224
19;76;0.121512547166
19;77;0.0529041205856
19;78;0.0107739010299
19;79;0.00860944047247
19;80;0.0501010551497
19;81;0.127101288104
19;82;0.220515205143
19;83;0.304106100373
19;84;0.35043458194
19;85;0.337550308713
19;86;0.254790004577
19;87;0.106185463769
19;88;-0.0894731973483
19;89;-0.302068625176
19;90;-0.496362858091
19;91;-0.63955116597
19;92;-0.708370010379
19;93;-0.69404655239
19;94;-0.603890144428
19;95;-0.459147153688
19;96;-0.289663627962
19;97;-0.126691372436
19;98;0.00437065191745
19;99;0.0895041461479
