0.10801656951;0.0
0.109357062655;0.0145873832701
0.140294227725;0.0386134682808
0.184746391798;0.0551606750256
0.168447662354;0.0498217051757
0.156923581802;0.0631403551395
0.152184187424;0.0736945270911
0.083041902967;0.122882707173
0.134192502874;0.09224908887
0.06729798086;0.10881346604
0.0987415299152;0.157615064543
0.0716166787142;0.11390051477
0.0698947837875;0.153600259779
0.0306687398785;0.135800302814
0.030119081003;0.16362649021
0.00981978843777;0.14508587159
-7.32061276528e-17;0.150841366411
-0.0170572993573;0.120993119907
-0.0196440311539;0.175849340754
-0.0506205401349;0.135126184553
-0.0495097986069;0.103111269207
-0.0716379884394;0.123600747946
-0.0677860788658;0.114075207672
-0.0763847137621;0.104006018768
-0.109001488106;0.12099696979
-0.105831261626;0.0687411864438
-0.137764809677;0.102720411781
-0.146246261364;0.0522691830123
-0.154730424858;0.050872395598
-0.182215925824;0.0326534714849
-0.181367808859;0.0282676402245
-0.148739129905;0.0188850351088
-0.119481574956;-3.44592330163e-16
-0.163022241092;-0.0152646339409
-0.109420143587;-0.0246727043205
-0.154327707598;-0.0486101645457
-0.0954210830449;-0.0511566993983
-0.116944302227;-0.0645754182084
-0.145227734202;-0.075245341008
-0.0798316895373;-0.099928383869
-0.128511845304;-0.072650870603
-0.111561180325;-0.0814552193061
-0.0787783692967;-0.127963212
-0.0754454183818;-0.121558636247
-0.07113491044;-0.145422967726
-0.0445631547498;-0.179109630654
-0.0253170519894;-0.188628771601
-0.0128420679508;-0.137686986323
1.30457732081e-16;-0.157875745017
0.0113450277526;-0.191771926257
0.0245284145811;-0.18736341414
0.0540411377469;-0.142288593866
0.0520567391752;-0.178457702212
0.0774485379507;-0.165938006567
0.0751448517756;-0.141690869731
0.0912802524402;-0.126038733439
0.136538759194;-0.11419801147
0.115231992648;-0.116873737963
0.138137182688;-0.0871125849062
0.0951165998589;-0.0715733816269
0.12381761408;-0.0556373758293
0.151610553044;-0.0396725253911
0.179863136804;-0.0361066388527
0.183233806176;-0.0190084241038
0.144202492369;-9.03896377566e-16
0.19991094341;0.0
0.180938570482;0.0119880169058
0.150880237931;0.0227155561601
0.109556962889;0.043407004283
0.155566379324;0.0519348887611
0.0949265018934;0.0525667424815
0.136121212445;0.0838774388662
0.116768541455;0.104578821771
0.140260670855;0.138025475188
0.100233426231;0.131888921372
0.077858573424;0.106161255235
0.0895450503152;0.10090697168
0.046298995916;0.138795477666
0.0445288816724;0.117350690758
0.0368305455195;0.166099713089
0.0174418234727;0.112960732707
-7.2391354621e-17;0.108174162987
-0.0123276977307;0.120261469957
-0.0247519243222;0.13108321302
-0.0515943381024;0.0963731074822
-0.069369908682;0.0974779972389
-0.0565373090239;0.154333650821
-0.10989327943;0.0861949887054
-0.0939559896758;0.0953603069327
-0.107129021486;0.096261080994
-0.0956685395769;0.108224927466
-0.100911002654;0.0713445707362
-0.139324821176;0.0851114531783
-0.107380534179;0.0681669936276
-0.166945930121;0.0446044965055
-0.183611029316;0.0263461982955
-0.118325393435;0.0124186720241
-0.15093330076;-3.10676693564e-16
-0.184832942256;-0.0189261296078
-0.136231955226;-0.0273455048858
-0.145013065476;-0.043203290732
-0.168219218394;-0.0516147576274
-0.11280598306;-0.0840909821144
-0.0926312737843;-0.0568624895614
-0.0975382191203;-0.10816785003
-0.119116336657;-0.129917464133
-0.0924586141246;-0.134132822704
-0.0779727301379;-0.13341790047
-0.067182943232;-0.109702818601
-0.0407774960161;-0.0932173161702
-0.0497740783688;-0.0968627414301
-0.0345083581065;-0.124478752618
-0.0102632981949;-0.10155829056
1.18508694848e-16;-0.184195106121
0.0136496365625;-0.133617580941
0.0309469212628;-0.10716357407
0.0366814378171;-0.15512835046
0.0385144446562;-0.172728828266
0.0705954251857;-0.126948751885
0.0749638933248;-0.11911363742
0.106748542634;-0.153470880543
0.106893960088;-0.0901739694227
0.132931146299;-0.0639995126889
0.15276978204;-0.0759756667794
0.123139172011;-0.0592021792448
0.165635244056;-0.0387943659654
0.0989655472773;-0.0454337499798
0.157309415286;-0.0340867816484
0.181945430323;-0.0127209096048
0.197585665084;-9.29295810431e-16
0.106494375797;0.0
0.111983818823;0.0188917703442
0.183559885461;0.0243021933594
0.160020559941;0.0438334993192
0.167688364513;0.0674607275666
0.153514668565;0.0610364274048
0.0873785943642;0.10500215498
0.145964902685;0.0927128577528
0.126794596635;0.124960452512
0.0715465654608;0.10728020529
0.0661718718757;0.12992371903
0.0794775789213;0.140269027421
0.0388961978463;0.169683211725
0.0539151793511;0.113759099834
0.0369146472148;0.100440008513
0.0175241869019;0.124756424437
-6.29208733508e-17;0.116941714782
-0.0175831452075;0.161818969502
-0.0266402025905;0.187340668058
-0.0540375949353;0.10305588413
-0.0570931421234;0.126881375742
-0.0790019447343;0.110380979108
-0.0670400597885;0.0994431578946
-0.122519062817;0.110615557739
-0.0942180563096;0.106403750539
-0.0851936141037;0.101149419443
-0.124343943486;0.0909285213096
-0.106891935346;0.0790250427648
-0.108846994098;0.0483615772533
-0.172993373079;0.0378739135784
-0.126394622374;0.0220381267575
-0.132324794677;0.0179911449877
-0.175172348651;-3.53354769761e-16
-0.194607843049;-0.016894513551
-0.15142993984;-0.0374084976453
-0.171620911759;-0.0548386181028
-0.0967796297725;-0.0703834534482
-0.154596564686;-0.0912218506905
-0.107074464684;-0.0914373943506
-0.0838177085242;-0.119050346383
-0.0957222000481;-0.0781637499514
-0.107774838583;-0.096515596185
-0.0899414736369;-0.0948091682288
-0.0660450545783;-0.103711380402
-0.0697319307844;-0.161714156607
-0.0548926455535;-0.180660568724
-0.0355445844447;-0.100357890783
-0.0101185573572;-0.18864634821
9.99024908044e-17;-0.106753516255
0.0185588700895;-0.173206959494
0.0200449268367;-0.10890237424
0.0313420170497;-0.186645519417
0.0445770420929;-0.0990474162235
0.0498185524545;-0.161210317688
0.064117816021;-0.107369199982
0.0641838133797;-0.145329115922
0.118284089171;-0.109025555211
0.13707968438;-0.0786667613886
0.0855419163306;-0.0721902224988
0.123521428211;-0.0895379459817
0.122197944209;-0.0412056408062
0.119022549792;-0.0537301304704
0.152980640957;-0.0256664450366
0.16682956652;-0.0106072699695
0.195370539444;-5.50228814918e-16
0.173410378227;0.0
0.141042282861;0.016316958888
0.124019079923;0.0352591737438
0.176049051706;0.0479626251245
0.182024826061;0.0761457992645
0.117610824127;0.0517458222666
0.105414471808;0.109044194307
0.0827629578995;0.0658385422278
0.125912056561;0.0941785185945
0.0734619107549;0.110265343101
0.0583774846932;0.10834768685
0.0718242863339;0.175480045971
0.0621983795328;0.167497495729
0.0403719761483;0.112037191001
0.0320985926997;0.18578377694
0.016847820092;0.121006715773
-7.64304162146e-17;0.194781297182
-0.0135545328597;0.113173580212
-0.0253421931234;0.106784844358
-0.0372372529281;0.179137058915
-0.0429514653168;0.165007047634
-0.0724321788819;0.142270713266
-0.0700360352179;0.109629634212
-0.0748426991207;0.0950249656426
-0.13373309272;0.0906058351661
-0.120673988788;0.115617646635
-0.0864541192168;0.108054452391
-0.121015827032;0.0674765825646
-0.160062202371;0.0410281272356
-0.137295650975;0.0579896165088
-0.156167089358;0.0262476779077
-0.163806511026;0.0163787778544
-0.12861190287;-2.98438625965e-16
-0.167375289748;-0.0153624391162
-0.188201755906;-0.0384322646503
-0.0975107780996;-0.0457433818018
-0.142455459735;-0.0649451696343
-0.132017855084;-0.0536861964405
-0.0912801111605;-0.0617890189765
-0.140183059576;-0.0697111252327
-0.0973474256115;-0.104657050462
-0.0768250124394;-0.0930000823472
-0.105778398547;-0.115557688619
-0.0584422291962;-0.127309972904
-0.0752140619755;-0.0963727062425
-0.0397020524693;-0.123541058825
-0.035971225582;-0.146670631349
-0.0104830093583;-0.135240364277
9.24144990358e-17;-0.19822491598
0.0132720568902;-0.103171978536
0.0322926921758;-0.158331510441
0.0306726616235;-0.117305923018
0.0462953443196;-0.139676862343
0.093895180761;-0.105900993149
0.0836049198376;-0.0951595314471
0.12171190221;-0.0919047038429
0.101075389192;-0.121894807479
0.114941772348;-0.1016480669
0.141927033943;-0.0723850366984
0.16219524735;-0.0740580720617
0.171406216691;-0.0574249120664
0.157918845824;-0.0565426387158
0.10714806874;-0.0321746670187
0.112361373921;-0.019586373173
0.184039806379;-8.33753213926e-16
0.115744271301;0.0
0.128304338457;0.0150920625365
0.101358983532;0.0233906567509
0.109416427907;0.0573607841576
0.161480628708;0.0638567923594
0.148911547322;0.0904598396914
0.115800787266;0.0969256290563
0.119119291518;0.0806697524025
0.132552334249;0.104707510719
0.0700691748675;0.10088114641
0.0998138469101;0.100086082176
0.0861897751736;0.130328292933
0.0521949333337;0.0937161542299
0.0548129267348;0.128101979854
0.0274663634836;0.191388576545
0.0115870251807;0.116915511608
-6.94581837379e-17;0.151219892403
-0.0185106307981;0.172174318574
-0.0205389608156;0.137684358557
-0.0351480350587;0.169383766128
-0.0405807999585;0.134508754635
-0.080881266868;0.109362326112
-0.110885377639;0.110082802137
-0.100963035024;0.13949923091
-0.116494830835;0.11970440451
-0.14699670914;0.107897341294
-0.127892822541;0.0952065534113
-0.139814704866;0.0513172071388
-0.148993419011;0.0633595203385
-0.180283245225;0.0399373554128
-0.177084939558;0.0225189075647
-0.176641763143;0.0104723975613
-0.156864334057;-3.35692199228e-16
-0.154782931645;-0.0146981296327
-0.121625733824;-0.0195924047371
-0.13429955942;-0.0367537765691
-0.117944004323;-0.0545638260738
-0.16574085566;-0.0756856912074
-0.15164648455;-0.106523318418
-0.150968292246;-0.091104086172
-0.116564494622;-0.0707120788259
-0.123266203446;-0.0791788867351
-0.0868979960097;-0.122313698954
-0.0838449034485;-0.141331590471
-0.0428802634288;-0.15800248068
-0.054018095244;-0.154349784613
-0.0239750209246;-0.122852474458
-0.0117282421058;-0.172578272473
1.36113911385e-16;-0.146115774803
0.0123783583946;-0.124481007781
0.0338947188493;-0.137928210645
0.0492778867886;-0.163806276613
0.0558569977951;-0.122152180905
0.0766325031337;-0.117860175311
0.0695364309218;-0.102921169894
0.113124559587;-0.149588477307
0.10442103529;-0.102942598762
0.0903758529979;-0.124006112083
0.137206349667;-0.0666307984867
0.174030038327;-0.0707255597727
0.134779386935;-0.0634616923875
0.173061713347;-0.0483750180251
0.136323913745;-0.0297351389966
0.122595572363;-0.0124145143917
0.121620426526;-8.76642923354e-16
0.108341278582;0.0
0.139068664004;0.016851780686
0.152707208904;0.0236664967168
0.136012765399;0.0498152211684
0.149325664314;0.0619940827792
0.164396467161;0.0843746646372
0.0914333846652;0.10765740312
0.10872823543;0.116104455222
0.134986499933;0.078538402849
0.0980614276432;0.10604976208
0.101360574223;0.0985809806807
0.0873164120263;0.121099266245
0.0444401099707;0.114582592414
0.0482787167489;0.12404115302
0.0196399792915;0.117779712586
0.0113435826028;0.194650534043
-4.79666572965e-17;0.113314628116
-0.0154554978298;0.174298997055
-0.0362099653778;0.154981491232
-0.0463814781088;0.113963049314
-0.0650591753913;0.114125066609
-0.0891259500816;0.116166429431
-0.0727360557824;0.0973659768469
-0.0759844062039;0.143190394572
-0.114366039187;0.111132641023
-0.128455001391;0.0770079114664
-0.147744696443;0.0621222691315
-0.100521683554;0.050038502994
-0.175294466299;0.0539069286892
-0.126917245881;0.0388058609709
-0.121644229944;0.0248568606166
-0.160758088983;0.00987953894939
-0.186698052654;-3.16922362069e-16
-0.171020393945;-0.0103293378009
-0.164003700153;-0.0286922455297
-0.153903282318;-0.0339602510289
-0.109488179106;-0.0669792150957
-0.16980001185;-0.0705354898961
-0.154705101065;-0.0992906364339
-0.146693926364;-0.0809851106828
-0.0822704268193;-0.0911166760377
-0.103598619406;-0.0994079759454
-0.104056045476;-0.1544754105
-0.0619423924281;-0.151849967215
-0.0608785596085;-0.165461011916
-0.0348541099858;-0.18556322449
-0.0233569482504;-0.0988564292589
-0.0143602348679;-0.160494019222
1.40412877864e-16;-0.176219359823
0.0136126651521;-0.160130078011
0.0288603800572;-0.109170464901
0.0360510184938;-0.118195212198
0.0557468491947;-0.126163684018
0.0760435609622;-0.171906367297
0.103344198918;-0.138176776862
0.101423590054;-0.104342913787
0.0963493830662;-0.0735793445317
0.119005843006;-0.113063051249
0.16379791328;-0.110259261704
0.118867528052;-0.0795963202718
0.118544390459;-0.0654292827041
0.164632124853;-0.0529357639241
0.145032160322;-0.0334110244333
0.137158095451;-0.0186192175089
0.156866904585;-7.00476954602e-16
0.187612995674;0.0
0.17602410494;0.0174058669631
0.159976542686;0.022370423498
0.129736461592;0.0383608596446
0.107298694098;0.0425496524773
0.136588941347;0.0869954079903
0.163625258473;0.0914493448668
0.127971174931;0.101140114064
0.126347872262;0.0851457073683
0.087863120075;0.119834786234
0.0787709816798;0.137459270749
0.0474453226331;0.117587738673
0.0582624417283;0.146013279801
0.0547781986244;0.102349604397
0.0284220585369;0.145110054568
0.0158920796922;0.105739291532
-7.48147520738e-17;0.128229206197
-0.0149168686233;0.149699388907
-0.0330737298328;0.118389605559
-0.0530950844778;0.108536051283
-0.0481981293501;0.127488955649
-0.0759521126149;0.112522861967
-0.0890369907419;0.160544856519
-0.0890523810639;0.0852517842071
-0.103699463034;0.12405600869
-0.146365216425;0.0802344305231
-0.129000578679;0.061524674908
-0.107715172358;0.067030392479
-0.121898402906;0.0626973327907
-0.0983010304039;0.0362343082154
-0.144494040379;0.036181795992
-0.149827289109;0.0123372334337
-0.123761992704;-4.1277402789e-16
-0.106884457712;-0.0143337762575
-0.129821448592;-0.036649943683
-0.168724591564;-0.0345244672809
-0.097773662433;-0.0620716356807
-0.121766180545;-0.0754191371547
-0.149789606284;-0.10016900495
-0.123313815495;-0.103593579959
-0.082364227568;-0.0961360200466
-0.0651344229449;-0.146691253759
-0.0993995149777;-0.151178148996
-0.0651132290789;-0.162518273179
-0.0447586033023;-0.14499779334
-0.0454860917548;-0.188817655514
-0.0351990105641;-0.183650013649
-0.0142998930715;-0.188473047727
1.14743441555e-16;-0.112259424859
0.0166683275163;-0.161904051677
0.0232888871632;-0.144688615041
0.0460891640233;-0.123668071521
0.0403548113917;-0.18135108196
0.0774047255518;-0.165352785758
0.100830203214;-0.136508867883
0.11318724658;-0.100685776028
0.12648933937;-0.0754640370032
0.100458079369;-0.0885740455771
0.137052544771;-0.0703925895534
0.122830380103;-0.0618116926698
0.179722309121;-0.0443349146813
0.180162611947;-0.0319182386108
0.138729709703;-0.0237322868348
0.179693894086;-0.0132208078657
0.183184143123;-9.0312835189e-16
0.160871622876;0.0
0.186644187419;0.0132527293917
0.137609151947;0.0314048844338
0.150937567706;0.031194756639
0.11632152179;0.0680595875823
0.139180607608;0.0767089036492
0.0846470853739;0.0571886890409
0.0820878456939;0.0892416209745
0.110288685676;0.108614368945
0.0965784321324;0.100254963588
0.0872543982778;0.153815101653
0.0531033491758;0.114211973352
0.0423965545029;0.105183907217
0.0448443408933;0.181622559377
0.0373066948979;0.118117524455
0.0120017183197;0.102799273553
-5.36875128078e-17;0.198618869929
-0.0166561588134;0.100993558536
-0.0389339079914;0.149001198344
-0.0471602493985;0.113253693953
-0.0506087260372;0.181653300552
-0.0678556106537;0.109320284775
-0.0676682250937;0.131226686797
-0.0843637110195;0.127128965151
-0.134001703359;0.128201328727
-0.0842658809621;0.0776879936588
-0.139175059712;0.101810720606
-0.167581669266;0.049584774687
-0.0966477407189;0.047119920885
-0.145029797938;0.0574186784999
-0.130718536317;0.0199881413894
-0.115922923335;0.0146500729417
-0.175782407226;-2.695811834e-16
-0.158346132501;-0.0182326245671
-0.160504459149;-0.0215543819534
-0.130876369242;-0.047131532343
-0.10313548284;-0.0385116079603
-0.106843334459;-0.0808866811551
-0.0992290393884;-0.0819181216436
-0.0966587566904;-0.119109691172
-0.132416099899;-0.134440733826
-0.0744879286533;-0.108039678417
-0.0663334252111;-0.125950296355
-0.0552325535961;-0.153855867397
-0.0662585909962;-0.153122327102
-0.0574646278033;-0.115275314373
-0.0257654203493;-0.11171245877
-0.0150046734076;-0.194862731474
8.30322645701e-17;-0.155402284374
0.0125949823195;-0.169683833024
0.0217786712829;-0.136103674062
0.044178037463;-0.14465710049
0.0398991591823;-0.184476131949
0.04986808542;-0.158888989966
0.0743571244852;-0.156917830586
0.0981126933587;-0.131415198755
0.132897224109;-0.124499344767
0.089078092339;-0.110862116289
0.106395664065;-0.0628887616246
0.0995999003686;-0.088389584612
0.101337760421;-0.0696333802755
0.164152344565;-0.0454657374578
0.101185474715;-0.0320829576189
0.171383823823;-0.0131017624025
0.172445629048;-7.31318789524e-16
0.129572494919;0.0
0.128770700402;0.0177064219707
0.189848739323;0.0203652193546
0.105767726876;0.0366113207097
0.124339644072;0.061973142573
0.131895808482;0.0681707714749
0.100259528031;0.103823118895
0.109227475176;0.096497641157
0.12047063757;0.106981473912
0.109176685224;0.103359238949
0.103824932652;0.157651727024
0.0543385535539;0.0957793593398
0.0667771741556;0.146770191253
0.053367047;0.15829573023
0.0313575108486;0.168034812603
0.0170765845036;0.138586503465
-4.0902746396e-17;0.108431420578
-0.0179932607478;0.125429861408
-0.0205503770435;0.184557886621
-0.0505574083506;0.172264471583
-0.0718494909488;0.143801055249
-0.0933637637314;0.164255951412
-0.0611632712758;0.0910799567002
-0.116002168222;0.105088964117
-0.126013122959;0.103324041942
-0.123220530135;0.0798168510093
-0.135182347436;0.0653121513242
-0.138474403272;0.0663788508747
-0.182567246031;0.075885753395
-0.160927024391;0.0335899659354
-0.17338868671;0.029408607981
-0.161433005836;0.0160759912025
-0.140469060608;-2.59014379068e-16
-0.144275652136;-0.014488737728
-0.157321397868;-0.0303539446376
-0.144922809749;-0.0468582281146
-0.13380755871;-0.074468101617
-0.160926921889;-0.0759895061088
-0.156913545718;-0.0858737790745
-0.0780948702024;-0.0965079439261
-0.117866433226;-0.108890851148
-0.0661991170689;-0.0998304083403
-0.109886863556;-0.137800993208
-0.0604896695454;-0.140530707635
-0.0645502146283;-0.164955294397
-0.0294299711215;-0.187237718836
-0.036072158661;-0.135538059428
-0.0131661520206;-0.16314720467
9.87270128354e-17;-0.187439444411
0.0163480783218;-0.126646378039
0.0316442216708;-0.155984836893
0.0518718167997;-0.127742506041
0.0642445740556;-0.179580517854
0.0733326988159;-0.0982924456996
0.0594687338328;-0.0912494578157
0.064238326434;-0.0999656323432
0.0853365545644;-0.122040099921
0.112629269555;-0.119829561774
0.11479224249;-0.0777755323845
0.123118951047;-0.0616092434186
0.149717967777;-0.0451971094401
0.155872763562;-0.0384002052994
0.195410817112;-0.0250180441271
0.194559675314;-0.0161048699197
0.112999106808;-6.22634187208e-16
0.183022916981;0.0
0.124639196065;0.0101742455732
0.107109919572;0.0369963437629
0.164834838388;0.0371776295838
0.138807717486;0.0544222878956
0.0977672695545;0.061234166354
0.119727792852;0.056085928555
0.0944919591045;0.11746731315
0.0832171422509;0.083721443717
0.0689296008525;0.112856233176
0.0592863771504;0.0840443418608
0.0596004352569;0.168325266144
0.0643542071621;0.124297730489
0.0415022919919;0.108301745031
0.0242894844013;0.142156029254
0.0153589127558;0.135544595617
-5.02672654678e-17;0.116362203087
-0.0163123335215;0.0999945445851
-0.0240330221976;0.107971890684
-0.0353006567521;0.168627216667
-0.0624946046426;0.151877662927
-0.0864304702528;0.146079019775
-0.0659690674843;0.132054802679
-0.0835642691652;0.127730746021
-0.112519991555;0.074118273771
-0.140781688106;0.0649502320158
-0.160982828547;0.0767430371421
-0.141577012357;0.0666152685358
-0.0964486349283;0.0475946729552
-0.171261510481;0.0553833038131
-0.195546947631;0.0208268878956
-0.115517075581;0.0120875956231
-0.194306553014;-3.90143671179e-16
-0.103167517563;-0.0114856368484
-0.113615062096;-0.0350619207294
-0.104343622462;-0.0431329691606
-0.149140760222;-0.0397645982735
-0.107297052065;-0.0768054392377
-0.106784964055;-0.0715013058454
-0.120422248601;-0.0708814095281
-0.114777277033;-0.132729461719
-0.106634675989;-0.0789963350527
-0.0571833075557;-0.098085078672
-0.0591440189329;-0.0971918193571
-0.0485859293405;-0.166926573687
-0.0500030446403;-0.130747944027
-0.0338298422988;-0.177644593523
-0.010340639501;-0.11327945058
1.21590517643e-16;-0.103134678807
0.0193094939887;-0.127610622944
0.0321422118276;-0.154703952855
0.0544138745579;-0.112123310066
0.0498891585508;-0.0962505496248
0.0500492915439;-0.1335557705
0.0649107717347;-0.126769307844
0.0689277853335;-0.15037905575
0.0918321518253;-0.108888845878
0.106400500846;-0.0639747335243
0.106795181342;-0.101650332997
0.144059249312;-0.0691501481942
0.140221175944;-0.0426373299528
0.145536605501;-0.0474703626154
0.102046831882;-0.0221703126174
0.186968716992;-0.0167340477452
0.123609101937;-7.35186766737e-16
0.619654398253;0.0
0.621645947798;0.061856197327
0.541969589683;0.116215726069
0.497460390536;0.182571096789
0.507564524136;0.264759801348
0.613246044637;0.286453786898
0.418587042877;0.3047785678
0.512033505462;0.353903458034
0.40612590614;0.399271016076
0.421218043329;0.488098834843
0.333287137628;0.523379326983
0.328589522194;0.616620401539
0.251716428658;0.620858863163
0.148776988383;0.628611854397
0.133034215779;0.506684248509
0.0570856791049;0.616400510685
-2.09871484564e-16;0.687437278674
-0.0646782989407;0.547723318533
-0.097656977685;0.606896923247
-0.145628802582;0.538642156822
-0.212616805615;0.60210785863
-0.258840981757;0.554620521965
-0.33161844102;0.580185745781
-0.398101313572;0.502009935656
-0.375004678717;0.464195807495
-0.504799206404;0.413896953305
-0.527220954943;0.364317638492
-0.466305125523;0.256227220913
-0.595993095165;0.195141200971
-0.563422794027;0.186089668151
-0.624884084587;0.114029047627
-0.590959992042;0.0568382398684
-0.645941771106;-1.08683799774e-15
-0.540067794198;-0.0510615240667
-0.492638482829;-0.109460923324
-0.507496121714;-0.151943941133
-0.535739896616;-0.251292596782
-0.548926612267;-0.315449364295
-0.495646970813;-0.335093473534
-0.455116231441;-0.324406181228
-0.364574166943;-0.378151264231
-0.426127384005;-0.464203654546
-0.376755368832;-0.440444592851
-0.260566782659;-0.605717740135
-0.206552946085;-0.502291251691
-0.154254628532;-0.588150720048
-0.122451648906;-0.640186627908
-0.0570503484781;-0.64793280038
4.8940363399e-16;-0.558109374342
0.0501654563076;-0.68009712702
0.123232126811;-0.525876888073
0.154160881711;-0.587427944448
0.245844695248;-0.635929642409
0.278022880169;-0.561514781378
0.322778895068;-0.479244341568
0.385513467595;-0.409936229983
0.379340719073;-0.41884785309
0.436798307609;-0.358322925614
0.458619170622;-0.278209707934
0.517691988428;-0.31236666067
0.53552716442;-0.260451385986
0.575366240537;-0.174999439962
0.563183403585;-0.101351451464
0.546627410957;-0.0556613019477
0.546028185148;-2.75721927432e-15
0.584103323503;0.0
0.606136946212;0.0533891955019
0.643918467292;0.112794433168
0.539096778047;0.15406728007
0.475548512989;0.240326909722
0.556843731521;0.328220071184
0.544633344206;0.340587159914
0.451892773141;0.328029059893
0.449673620854;0.360534913968
0.361962618881;0.52565123983
0.347658201714;0.439426356792
0.289957276804;0.532897837279
0.26664641832;0.527999834292
0.191379462433;0.556393214646
0.132256315295;0.540647286971
0.0660210872109;0.679302655116
-2.0253459246e-16;0.628231272661
-0.0607024501674;0.608887189363
-0.115287347879;0.620870058668
-0.201554133395;0.632205685468
-0.228262505843;0.590665974464
-0.296147851894;0.597496062367
-0.363449916205;0.563336250153
-0.361753093968;0.484952384467
-0.434210552475;0.360259286351
-0.447468242955;0.388138851015
-0.48864235226;0.294240686758
-0.548243390823;0.30903496076
-0.517118733377;0.260959923024
-0.534746357599;0.193192484711
-0.576302797962;0.131460970616
-0.531892311212;0.0623515026347
-0.505690433902;-1.39670793353e-15
-0.675245374621;-0.0576485325758
-0.652726220208;-0.114376145063
-0.556147438118;-0.168212477469
-0.565253784986;-0.239675870355
-0.491195652017;-0.288970251773
-0.533881303892;-0.278551492517
-0.399866573992;-0.320145910561
-0.393787101021;-0.411776295997
-0.392335936707;-0.434389526416
-0.33333770894;-0.551856156326
-0.321489126528;-0.592769978238
-0.248639653542;-0.540340718674
-0.152391648989;-0.509789221393
-0.124212129773;-0.501779438987
-0.0595516762959;-0.680634992067
3.68679686435e-16;-0.696738691921
0.0591202059815;-0.67819372417
0.120937864975;-0.615333175942
0.193525610457;-0.526141254009
0.211637224856;-0.608841526662
0.311491683713;-0.516909494089
0.368127950616;-0.433167482309
0.408037283786;-0.527816137323
0.487505561671;-0.370562452646
0.410334650228;-0.370350009372
0.546188761765;-0.366795625202
0.519957664081;-0.259175542038
0.472109043937;-0.225218323524
0.574075254762;-0.156018714778
0.573417514733;-0.103738921141
0.599168353125;-0.0563099244515
0.616041587326;-2.40187888875e-15
0.613908235979;0.0
0.60303947293;0.0641837095911
0.560818769016;0.117541660302
0.58067890863;0.163564550928
0.47444450487;0.25618724372
0.497083752601;0.319936600376
0.451871166347;0.373563449028
0.49797845579;0.320262095594
0.473774782976;0.375271087223
0.342816131002;0.481877360745
0.341593697595;0.420894785601
0.325308942977;0.536092335647
0.192895869954;0.533740557541
0.187089061708;0.516239133141
0.114279333632;0.52607394983
0.0667894604179;0.640351238737
-2.49468235304e-16;0.589477297549
-0.0620281242037;0.576482884336
-0.115965074696;0.65109390607
-0.169483124092;0.639459051299
-0.207093786635;0.476346579324
-0.31161610913;0.466099288016
-0.331542929523;0.559548885588
-0.353081301646;0.514547360792
-0.461428715291;0.375537506657
-0.436992031249;0.340469321889
-0.436393702874;0.329674546174
-0.572505065167;0.301424553735
-0.479907463636;0.205889663437
-0.607381828486;0.185991434447
-0.539742827632;0.12045185956
-0.586324279352;0.0552945075126
-0.628448468438;-1.37902395532e-15
-0.684736385901;-0.0648503064173
-0.667020176929;-0.103464702427
-0.658823265048;-0.182876544237
-0.546614525166;-0.214396969228
-0.605843688601;-0.251745734687
-0.491268155343;-0.355605527902
-0.525386347427;-0.389667852726
-0.425624526668;-0.385932814138
-0.432841600729;-0.490299310311
-0.278296616304;-0.580522576761
-0.319269651185;-0.452705898749
-0.235574541142;-0.563115004247
-0.180700270626;-0.635176763002
-0.133158733405;-0.683567809565
-0.0508558225905;-0.56645596993
3.82330505672e-16;-0.699158572207
0.0555992179046;-0.557603016072
0.117301870594;-0.685529363286
0.146278196292;-0.52408816522
0.21151355;-0.560386140999
0.260824642141;-0.478387360994
0.303380394846;-0.542432370719
0.436746802936;-0.431225852922
0.474422310914;-0.442539171353
0.488612959903;-0.443766044929
0.521732494781;-0.333154513465
0.608183466157;-0.250512893563
0.510406523391;-0.262158172267
0.648598703385;-0.172090852328
0.570509764561;-0.116553686033
0.567504177414;-0.066603170882
0.695655481892;-2.79122812401e-15
0.581878791372;0.0
0.61404916546;0.0651052545791
0.68096338683;0.104079280397
0.651258890214;0.155424433297
0.626039076754;0.194966200078
0.563023484099;0.328394440343
0.473233171091;0.3082405892
0.386815440363;0.424753048982
0.41412201866;0.434319871808
0.399815339995;0.500973806838
0.386876002587;0.51607281839
0.318695725504;0.545818163903
0.215173225184;0.617037298047
0.185904981442;0.502231654932
0.0983688406073;0.500296983276
0.0608017874733;0.535687896074
-2.64136855365e-16;0.693790666326
-0.0583052719073;0.515333601708
-0.117804543194;0.534492203556
-0.151822247333;0.61588746417
-0.192050563742;0.646473349485
-0.267437507178;0.47698873917
-0.372181372537;0.445518503424
-0.42020986574;0.419440568184
-0.475396731265;0.445952830467
-0.393179874813;0.399311439008
-0.490134126737;0.30998389806
-0.540167931952;0.238176223141
-0.552128117668;0.234534416794
-0.543987941853;0.182392919877
-0.601689389082;0.112001927427
-0.551786972698;0.05610830255
-0.617360402131;-1.32513437467e-15
-0.579201855654;-0.0583083889869
-0.507804233991;-0.114154323836
-0.51826017829;-0.164244738685
-0.606514282244;-0.265066468608
-0.57421898255;-0.244990390861
-0.525591186334;-0.343098140528
-0.493064752424;-0.366794845119
-0.456670580288;-0.376156585255
-0.405998635722;-0.422486992585
-0.369448581766;-0.432982207522
-0.27255299299;-0.541948260662
-0.233649041882;-0.635980005319
-0.151409949862;-0.592526621371
-0.126149943531;-0.56849293565
-0.058429697394;-0.600483733897
4.14289150104e-16;-0.655344091615
0.0648968289451;-0.632981360143
0.116637878884;-0.636416173497
0.185809594046;-0.659766143341
0.221509216414;-0.625938763638
0.245376066809;-0.480247928332
0.308626855626;-0.435906181378
0.410517304286;-0.454316605616
0.45695063932;-0.428889459652
0.401154923273;-0.342908673004
0.571762174821;-0.295866656612
0.4693259084;-0.255746433989
0.52198750857;-0.213629314368
0.60249656312;-0.149480145729
0.518663465343;-0.129847531545
0.597966194479;-0.06060706766
0.670800783154;-2.81592927676e-15
0.617733338993;0.0
0.694959483349;0.0604770116937
0.61305855946;0.129974360512
0.645542900101;0.200286645041
0.503809281985;0.23661147655
0.466612811294;0.273806021729
0.426258607809;0.29563042047
0.391427419705;0.404807928695
0.354374984658;0.401477302848
0.423693268085;0.472130082044
0.334202069385;0.426199110086
0.248111642983;0.570866788057
0.263784417034;0.597966495438
0.150359781209;0.596548613196
0.104754359127;0.492226816914
0.0558411819734;0.687494279988
-2.60739075608e-16;0.561980429108
-0.0530819414927;0.540813439875
-0.103651318625;0.653895364618
-0.158494237449;0.573440219972
-0.216068551848;0.535419593268
-0.287256083554;0.615443232133
-0.372478721344;0.421451077417
-0.418136399201;0.499179684226
-0.478877558057;0.354139592462
-0.499134663028;0.402108365602
-0.568426534598;0.313010962055
-0.485393644976;0.271805755079
-0.600371357278;0.204387767983
-0.554540274328;0.155182294218
-0.57473608584;0.100596020951
-0.511790443064;0.0575212180588
-0.558445084849;-1.38928772256e-15
-0.649002017092;-0.0564566753701
-0.527464368446;-0.111399187837
-0.531898536169;-0.189482437383
-0.471423301032;-0.197485203127
-0.604206951182;-0.302328400907
-0.468998007481;-0.298090626861
-0.400370979768;-0.380590814578
-0.46989087345;-0.37691781881
-0.440672543363;-0.495161477045
-0.316056360157;-0.550134869509
-0.247595808142;-0.543692574667
-0.251079263176;-0.606007476557
-0.182278048426;-0.657488978469
-0.114164144878;-0.516724563899
-0.0582055875865;-0.532270088247
4.18317450235e-16;-0.594458494887
0.0567415291078;-0.631063966691
0.131882445731;-0.630321780305
0.156085324531;-0.550423274054
0.214099356675;-0.608843369224
0.324679827558;-0.590625105087
0.318978068247;-0.567922986126
0.392095776713;-0.492422656679
0.387386875954;-0.411191527611
0.490383209103;-0.436041502144
0.508366437687;-0.292390177071
0.510558270865;-0.249317304513
0.551599283905;-0.215486990633
0.620560085547;-0.18468149507
0.516638723075;-0.109453822128
0.632438261485;-0.0548686938406
0.521218929244;-3.0745189109e-15
0.523157259625;0.0
0.695885055622;0.0508036872879
0.550761334172;0.13108498696
0.502764251984;0.167366293007
0.478966191032;0.251687405475
0.583650387488;0.309987405846
0.526783146585;0.316938122885
0.447603000464;0.368633137347
0.468068519456;0.430329983869
0.405341332174;0.518472220464
0.367889157301;0.439495922258
0.237986827697;0.575263546795
0.209997231432;0.535540624439
0.170019232973;0.63954166996
0.103622118557;0.548043454806
0.0514389071939;0.633624967213
-2.51303449415e-16;0.51414876206
-0.0639693645494;0.687987070899
-0.129740100319;0.640607942326
-0.147535888105;0.554117960806
-0.24252155794;0.498874774497
-0.303685670142;0.487600533338
-0.3841528457;0.510425816457
-0.361075422259;0.518691636167
-0.479819381419;0.437369609107
-0.525728636946;0.383903880477
-0.418726455484;0.337858296988
-0.593188392315;0.291164198884
-0.61096505035;0.218344745449
-0.585375293973;0.169609002329
-0.595383142423;0.118787417177
-0.522458491383;0.0672867384474
-0.569545353175;-1.44453258724e-15
-0.675211705567;-0.0624167784617
-0.616726225654;-0.135001083045
-0.640419384414;-0.174321744033
-0.58887175382;-0.254964513897
-0.502952034759;-0.307542939227
-0.441750169022;-0.278768191054
-0.473335514861;-0.390019817539
-0.441113418827;-0.424760010847
-0.423916452002;-0.407539073117
-0.316284009991;-0.484246204233
-0.280650955635;-0.446742363796
-0.252371757494;-0.539131349279
-0.146650175885;-0.58411245927
-0.103634691865;-0.665771533909
-0.0500991704686;-0.571288537114
3.59678970428e-16;-0.525848944811
0.0571428414514;-0.508902082092
0.104193086774;-0.597525549642
0.172644351314;-0.536348775043
0.236473610523;-0.599477480798
0.275524067653;-0.604543578004
0.363370479331;-0.503396569308
0.443412293202;-0.511854269164
0.374394461834;-0.422320883247
0.411808735233;-0.36406897667
0.4512027816;-0.37506975753
0.472430310084;-0.267066954051
0.549024654249;-0.265884379509
0.552013696783;-0.176042921805
0.502591619694;-0.115826373298
0.672724382519;-0.0491672845047
0.603921386509;-2.60544410714e-15
0.621883899125;0.0
0.650422825565;0.0526722038034
0.580867812091;0.131230048922
0.573690220008;0.164577184594
0.593033612007;0.248265434137
0.443084227149;0.26233568157
0.468073366869;0.299338864693
0.392488714795;0.353120604258
0.385391159387;0.445260817882
0.378488243871;0.430625528758
0.345400901338;0.529680692954
0.253652708397;0.572816661364
0.208508902094;0.569184299662
0.19733883849;0.630509959368
0.133924849154;0.620222625512
0.0620808635052;0.532697779945
-2.59896665317e-16;0.55519467675
-0.0577674529947;0.674653021504
-0.1263049753;0.565646502863
-0.172859848805;0.585987035299
-0.208509448798;0.478526703417
-0.307969275534;0.464316736652
-0.31037801293;0.519115390574
-0.343467360021;0.508747981344
-0.394660050396;0.353696411269
-0.394581720101;0.322616072445
-0.569482834823;0.283857066328
-0.590437641688;0.248830527295
-0.541811453605;0.207981657834
-0.646966902251;0.188804391064
-0.525861756844;0.108193175921
-0.546306555392;0.0590485493457
-0.522537966624;-1.05578422362e-15
-0.693359472021;-0.061059170884
-0.616085451346;-0.108632099348
-0.584994056854;-0.163525186474
-0.539939446501;-0.248930513726
-0.468696900263;-0.275999322208
-0.448250607558;-0.386567057386
-0.536505273267;-0.423588546142
-0.385195981942;-0.354233120283
-0.393657816112;-0.424328335741
-0.320905607326;-0.456333940786
-0.287586016498;-0.485889325665
-0.215289641567;-0.575925357033
-0.186798084887;-0.495188167874
-0.103304018144;-0.609689908637
-0.0593584544824;-0.524046634878
3.62440387501e-16;-0.543104700206
0.0563227957572;-0.616257062541
0.135542953562;-0.610693510245
0.177937028454;-0.511875082978
0.248748173781;-0.532104007449
0.282080131821;-0.451867150848
0.382238106143;-0.430633499224
0.389560485322;-0.539575808818
0.40587535452;-0.487702701366
0.477750769893;-0.424479392334
0.565116680497;-0.352349831658
0.480259069849;-0.321705581485
0.465081881963;-0.20830189254
0.668112769417;-0.202593204147
0.645003658625;-0.129009957393
0.684587152229;-0.0491723959757
0.591961293842;-2.60487241838e-15
0.609347477026;0.0
0.600190373884;0.0604126188871
0.560225590341;0.135714303717
0.631759287744;0.173488190491
0.53973130273;0.198022679802
0.502041978805;0.300500014355
0.433324875576;0.375337181359
0.47303452856;0.384979990123
0.372296215235;0.481477529838
0.391536792836;0.453694924452
0.381147822863;0.419834468329
0.314657966538;0.553307035089
0.248929395832;0.599344763049
0.165431555762;0.538683515748
0.100720352606;0.550504641244
0.0529305466117;0.630987848604
-2.202940394e-16;0.619272021691
-0.0551481797056;0.540543213084
-0.119426687201;0.635717885671
-0.172540815683;0.64285236834
-0.19578344194;0.611842501458
-0.279399550288;0.530385880282
-0.33861966937;0.53478691683
-0.350362866007;0.407044190575
-0.355121711039;0.476917649993
-0.531347223284;0.339812326595
-0.483350412174;0.351918563453
-0.591238697875;0.253614124542
-0.472082721918;0.253536268461
-0.658123551908;0.153659246948
-0.497457167967;0.107549259629
-0.659486337161;0.0498740076306
-0.564451335624;-1.14947828137e-15
-0.642554956681;-0.0648590514117
-0.610851089674;-0.123530265126
-0.633459515493;-0.178014673482
-0.574574775066;-0.250266421583
-0.492011600593;-0.258512365924
-0.433233021785;-0.312554227051
-0.476028311493;-0.361519007997
-0.401545366071;-0.378059569092
-0.42770197007;-0.504303578002
-0.387359878577;-0.578800949392
-0.259616227334;-0.558407210447
-0.2559222748;-0.49831007625
-0.165153601301;-0.531686687856
-0.117935469032;-0.550028653542
-0.0637828798614;-0.524589928519
4.58262311522e-16;-0.690273885793
0.0530059447621;-0.517931637442
0.11597569734;-0.539815582739
0.200489647689;-0.486163517418
0.204685951747;-0.518234044435
0.306242751008;-0.568486509643
0.357265595587;-0.532354486006
0.328099669037;-0.492682879829
0.424905381431;-0.4068849509
0.476033209972;-0.349032106267
0.482474731212;-0.365204643852
0.531477226412;-0.240452350112
0.507468952534;-0.232171967049
0.526606126429;-0.145530175315
0.596096955865;-0.106179124934
0.586618769778;-0.0544969766873
0.69116923655;-2.82145348826e-15
0.625002027712;0.0
0.606379876277;0.066147309571
0.654014570035;0.123800447616
0.503326798999;0.198207685289
0.503377770538;0.196262667867
0.53872418039;0.268780656167
0.514520097123;0.368896393084
0.501588821338;0.368602830351
0.473044876586;0.378879416435
0.357428353067;0.417588309635
0.286226150997;0.539126285357
0.29301222973;0.59597141217
0.252711044557;0.545351930848
0.162572517757;0.584002053976
0.1102443579;0.599553117962
0.0676056562852;0.568886719854
-2.37987032462e-16;0.612974687822
-0.0569664291922;0.565181666346
-0.105398773333;0.491369628533
-0.167075716518;0.626465309995
-0.22896065506;0.629410036949
-0.324868017212;0.490290012433
-0.30453614285;0.487866161456
-0.443968965164;0.511323852414
-0.426033131074;0.374357269479
-0.512708533073;0.43506224809
-0.433755630489;0.386835324259
-0.602960218587;0.319762277436
-0.525518988093;0.212196627154
-0.656414736278;0.170097041196
-0.54716484243;0.11830581317
-0.504105725565;0.0629283473302
-0.680610015089;-1.09611157001e-15
-0.506410650399;-0.0614053382491
-0.547035069059;-0.121256372823
-0.532707291347;-0.170058699882
-0.491145260721;-0.212588604876
-0.443340162778;-0.290797831441
-0.530684097629;-0.319982431154
-0.420725491607;-0.415093270842
-0.426269953088;-0.437376973101
-0.41335361934;-0.4443126537
-0.278882708943;-0.578835640634
-0.301197411826;-0.559924483118
-0.242741349291;-0.613976657441
-0.202390461904;-0.624069109873
-0.13023396934;-0.547763768439
-0.0535145015062;-0.655509469443
3.73379105011e-16;-0.660096523102
0.0631925616724;-0.661139787574
0.123447125135;-0.650234986641
0.15635459985;-0.556884128024
0.235751139803;-0.635722178263
0.290000792332;-0.494586616928
0.359693275734;-0.506662723639
0.407143012012;-0.467981815745
0.397573796482;-0.483116197627
0.536627253435;-0.362816226493
0.510683379259;-0.388532277836
0.477544888208;-0.243858146997
0.629129615884;-0.251712968794
0.57902985764;-0.181488836449
0.557879189052;-0.119555620829
0.501759217829;-0.0498398442031
0.535648660583;-3.23941680913e-15
0.569864099909;0.0
0.578306924785;0.0677529870048
0.659124050696;0.113629585167
0.650137721293;0.196105471051
0.538525597742;0.205329442549
0.546358159904;0.272219046851
0.480754504204;0.355867607971
0.453555919737;0.342394400818
0.394456771538;0.416617612618
0.368652419526;0.441153001237
0.370421029409;0.49751108657
0.262534905454;0.613436932086
0.251490820533;0.522010842864
0.145344662431;0.58589864025
0.115312274617;0.627762225454
0.0500202870618;0.520320910766
-2.18630760681e-16;0.566658037474
-0.0595528905581;0.657241432667
-0.0984370179968;0.639432667525
-0.183502706667;0.522432968986
-0.215020193238;0.617841114614
-0.325520409705;0.515630691225
-0.296421016771;0.477212556183
-0.331200889114;0.430566808042
-0.430299489092;0.436098432054
-0.398562180616;0.367383670616
-0.560992949774;0.28451791602
-0.511221677014;0.315519968866
-0.464195048926;0.192314329344
-0.557696510485;0.178251339318
-0.516873131314;0.119355453405
-0.638477525776;0.0537114989057
-0.546494411419;-1.33934272139e-15
-0.638442713975;-0.0586644798057
-0.522965858884;-0.104196807332
-0.668709812116;-0.184343646001
-0.636321973003;-0.201740447472
-0.52824037035;-0.259659311462
-0.513735045891;-0.293666634301
-0.431482188711;-0.409783404818
-0.374010062777;-0.373433954169
-0.39770214235;-0.53107587786
-0.367225910683;-0.425211224259
-0.291638525798;-0.536574278817
-0.196488205343;-0.510231591943
-0.168274883456;-0.549334481828
-0.111335283539;-0.490966711554
-0.0535169245173;-0.581154107041
3.89342222184e-16;-0.672783258111
0.055260464224;-0.647764226038
0.131879593331;-0.595166848483
0.175214315052;-0.597738382721
0.264074108068;-0.642792249812
0.244544848505;-0.476062519302
0.316359917179;-0.432246137605
0.327349476427;-0.509382652774
0.450257033854;-0.354651041531
0.40608718926;-0.429872111469
0.476575154981;-0.363673877093
0.454215058193;-0.307373314375
0.573048820259;-0.242978880144
0.668497331461;-0.16656691019
0.562963375858;-0.112609199812
0.613095970594;-0.0644628148924
0.65214188027;-2.38440562188e-15
0.865126415864;0.0
0.805430586327;0.084745680066
0.868930382986;0.166329165589
0.771951259586;0.257816827751
0.823905888606;0.322102780092
0.749351879201;0.38782390983
0.721636422625;0.482650303851
0.673456128398;0.556679213532
0.565803297174;0.576093581156
0.540082054344;0.624981150106
0.490015339501;0.67516595828
0.400829614948;0.717016709239
0.341369153341;0.823116416621
0.259335175106;0.773469907918
0.174036156616;0.790973922949
0.0875434422746;0.887094774585
-3.35050238525e-16;0.804479751946
-0.0795238859177;0.839370609207
-0.172537457068;0.858017478186
-0.248951201274;0.767136044232
-0.327753294871;0.789922758586
-0.415994053445;0.74984256784
-0.483273448598;0.704459577857
-0.514885160664;0.630423829968
-0.630228970609;0.602723508915
-0.684676431931;0.535932419468
-0.716273339016;0.459557050906
-0.745752209152;0.4035459859
-0.797927648349;0.334158592347
-0.829528344236;0.260699995083
-0.827982694206;0.156208579202
-0.817510567351;0.0797364235712
-0.895161929935;-1.87742405399e-15
-0.832099235565;-0.0800262626404
-0.851640622703;-0.160905861839
-0.771468052413;-0.235763125342
-0.800994878251;-0.321004739959
-0.788784549184;-0.386944266067
-0.738015189926;-0.446662337155
-0.689900454282;-0.511318981522
-0.604009600335;-0.612803401581
-0.548922649433;-0.671920552638
-0.467110012789;-0.665314328865
-0.40015925199;-0.763942422597
-0.319901492648;-0.758229099093
-0.248416882575;-0.817235392678
-0.157437095043;-0.825464615479
-0.0804618452059;-0.893566392677
5.69578426608e-16;-0.835062293774
0.0872996885474;-0.889090751002
0.172589003498;-0.870468985987
0.24478975079;-0.77102279283
0.32256540159;-0.739700206443
0.399179565692;-0.759336340711
0.473783805517;-0.697178464404
0.561408614037;-0.695170933075
0.617639132677;-0.579962258297
0.681368200274;-0.527737895349
0.676737721531;-0.447048146505
0.70950105922;-0.385710609603
0.776644348287;-0.31324718882
0.767279820185;-0.234159829038
0.875720907736;-0.171971417878
0.814671279072;-0.082716170489
0.877256021489;-4.20927746418e-15
0.81147969753;0.0
0.878511402736;0.085770256114
0.862170924481;0.157252894791
0.845999529011;0.237317671458
0.824255280048;0.311227690702
0.785397850007;0.409579961446
0.694623881787;0.454019767475
0.635425645812;0.558042772116
0.595764449193;0.579969516726
0.513167150681;0.676715068754
0.485340305372;0.726848281008
0.417689557553;0.733562732722
0.330831981862;0.77133419622
0.25339536457;0.860538654575
0.171575492357;0.872317504146
0.078962323598;0.808084252028
-3.39355329102e-16;0.83111458276
-0.0801107516084;0.817687790203
-0.166071476059;0.813017165778
-0.243814668467;0.831350415374
-0.340267528118;0.768123644447
-0.413190563017;0.713065379299
-0.481037414803;0.727807463437
-0.542655238071;0.677271690682
-0.616138874283;0.602756886478
-0.662927058939;0.557040429316
-0.73358963849;0.448950944065
-0.741130113721;0.39867411407
-0.775494827135;0.308886810888
-0.845756579154;0.24849596023
-0.874284472184;0.170927309877
-0.846513836803;0.0848470761883
-0.848442568084;-1.80006750166e-15
-0.797286002931;-0.0821427430372
-0.868785528703;-0.157586153589
-0.79111940576;-0.246540515676
-0.794031529032;-0.32248967366
-0.714293080384;-0.410661206249
-0.691448056408;-0.457159661229
-0.662254521832;-0.555192502682
-0.566710648567;-0.619190160873
-0.56925883039;-0.694055264878
-0.449912173583;-0.73916792757
-0.378041841278;-0.742156496621
-0.315052675449;-0.80417629542
-0.254934584983;-0.793776815231
-0.160872548699;-0.857365893745
-0.0862246347321;-0.82451392763
5.9636001997e-16;-0.895405014077
0.078894080253;-0.844893596589
0.168902627547;-0.86572546882
0.253494795091;-0.83777473415
0.335758817612;-0.800433407667
0.413669856555;-0.783425310609
0.499299317214;-0.672361779216
0.534567807896;-0.653462326722
0.602113058828;-0.607271640523
0.638250998666;-0.508831062478
0.665323363132;-0.453186608206
0.707514821726;-0.406381593164
0.772169888201;-0.342230324388
0.853485758491;-0.255612821441
0.879966058;-0.17473350924
0.813576450995;-0.0862666312336
0.842154994021;-3.75610860075e-15
0.802648779078;0.0
0.886942628039;0.0801453291054
0.860454819901;0.161075131382
0.772840596555;0.250895449822
0.786727710919;0.307254063411
0.787690583858;0.422871630844
0.722623460754;0.466894103015
0.630351229911;0.548373096991
0.568636516368;0.613560298404
0.526008254935;0.662762438297
0.495590381026;0.693469652867
0.412409534584;0.718041841607
0.327775145911;0.815444514441
0.256138691063;0.836747930193
0.171480088541;0.818273161581
0.0848543565842;0.83039190028
-3.32968431001e-16;0.886810067259
-0.0855186634422;0.808119987748
-0.173452392745;0.868906679032
-0.259336932868;0.800518891828
-0.333225088033;0.761464031888
-0.40220148057;0.726759823593
-0.474002522831;0.703906738282
-0.535012139413;0.676214435127
-0.589504893715;0.589643654214
-0.672260949814;0.517533870494
-0.712557450096;0.459989886306
-0.778246521809;0.423550563389
-0.758033793769;0.342360272336
-0.802011683895;0.235373268156
-0.865586505742;0.168470675555
-0.886030199416;0.0798076938553
-0.817351701293;-1.70895080499e-15
-0.885287212193;-0.0868351450602
-0.841552101841;-0.16731767956
-0.799642252988;-0.235977515709
-0.808301716431;-0.315678361421
-0.793100737723;-0.378915226518
-0.731834355316;-0.455112248023
-0.626846989777;-0.518388817046
-0.573096977013;-0.572032190361
-0.556717460468;-0.618547659556
-0.489247066981;-0.698775144944
-0.417689562582;-0.775138197284
-0.328631112941;-0.744186060299
-0.246042181162;-0.783519467279
-0.161390733258;-0.861761920025
-0.0823283303719;-0.833627473579
6.10782418554e-16;-0.803772650321
0.0802916228106;-0.830787779696
0.161757151174;-0.816383786794
0.258523976848;-0.783106289785
0.317450361385;-0.756330733946
0.378711357748;-0.782860861661
0.471563805575;-0.746653602114
0.540130847149;-0.690131420512
0.567717731408;-0.633490087572
0.644142675252;-0.512106635395
0.746581441154;-0.468829985476
0.712429537098;-0.404305366447
0.757075908093;-0.341331220474
0.827813914912;-0.237475761388
0.882038207765;-0.165583719922
0.853423469517;-0.0846892360834
0.824968051431;-4.14246013299e-15
0.822223256224;0.0
0.871280764167;0.0820838236554
0.813024775516;0.16587497607
0.855122263972;0.238514473013
0.796393264583;0.337700999271
0.713586070909;0.413979897995
0.720356566298;0.494535321724
0.622354504003;0.539467091338
0.592535805942;0.573775233287
0.515452224299;0.648294111459
0.447945443828;0.741343410415
0.388433494123;0.778822832813
0.34051527385;0.807173357148
0.250245678253;0.823104641747
0.160222899074;0.797480147769
0.0802103227229;0.796650711068
-3.30022075257e-16;0.816938242811
-0.0841770747325;0.845346817556
-0.165520237788;0.860031429557
-0.252200648136;0.767675228659
-0.318050830137;0.78472123493
-0.420202829022;0.739486986827
-0.479831921662;0.676429713336
-0.5581471659;0.630911865566
-0.590759366998;0.617541927194
-0.680067914485;0.525338747322
-0.677142755983;0.455047987113
-0.78185339592;0.406276163501
-0.810844163355;0.33864298145
-0.836327003219;0.248708426836
-0.809945371637;0.156898395603
-0.879682293912;0.0824557402277
-0.822678187494;-1.77868168071e-15
-0.800933482959;-0.0869876905284
-0.848904190329;-0.165232541237
-0.848270844674;-0.242141923133
-0.744235620579;-0.321072139789
-0.778480544514;-0.384897741249
-0.72818371269;-0.466368046828
-0.661117694222;-0.528707174367
-0.584399949259;-0.585379649942
-0.549880291046;-0.623280514656
-0.500007188362;-0.712059139404
-0.417325564393;-0.720790206363
-0.340063023532;-0.824903310934
-0.249735153305;-0.818510444852
-0.165192479885;-0.817228149231
-0.0879979649186;-0.839027911529
5.88063812849e-16;-0.861325496675
0.0847763129026;-0.836878716285
0.165846509779;-0.878722586149
0.238907178052;-0.826228440791
0.320970308586;-0.753279041906
0.380911677802;-0.753585298154
0.496146591098;-0.720287511021
0.550449922996;-0.677881311209
0.588148737083;-0.621211883779
0.642822892555;-0.521875291413
0.735345987487;-0.488060706263
0.724020510259;-0.399400119114
0.803104570372;-0.317399094813
0.84277600528;-0.242100867943
0.802024006566;-0.15783156432
0.832385601847;-0.0848553822169
0.868949525467;-3.98031825392e-15
0.851484380472;0.0
0.833564777468;0.0788512984345
0.821619068377;0.172636460488
0.770568159692;0.253913844406
0.761697538726;0.331793980725
0.734317655162;0.40135658688
0.691061708375;0.452414384099
0.639965343899;0.50833011926
0.619249999687;0.611852435253
0.533697467306;0.641166436214
0.495086060627;0.727494018057
0.407495004569;0.758899533115
0.34092594409;0.821982500135
0.244639067157;0.852958177608
0.172888155272;0.818489892444
0.0838018706804;0.801423989672
-3.33058769767e-16;0.863217314938
-0.0787799596908;0.822340167621
-0.174151163811;0.87471765192
-0.236611318394;0.834190167508
-0.312474483776;0.742486627312
-0.384464777927;0.766099394364
-0.448781347539;0.733501915751
-0.523310616338;0.686118647148
-0.603470638919;0.574314295464
-0.690075647609;0.562130255769
-0.69906290222;0.492418966531
-0.737657918474;0.402423298155
-0.819627348528;0.327279881226
-0.80697106766;0.247987522394
-0.843093756589;0.164065003289
-0.848733731771;0.0871817870588
-0.848656560515;-1.82957439751e-15
-0.846076770959;-0.0867379111475
-0.811535566107;-0.159325633458
-0.824509181262;-0.248426254092
-0.797814269615;-0.338620717659
-0.766673592419;-0.421993654392
-0.678397124265;-0.482952379529
-0.631879082111;-0.532602560805
-0.627562270435;-0.61279073994
-0.543035092497;-0.681547835112
-0.458253937285;-0.70059443373
-0.410795409748;-0.752830263384
-0.317140264643;-0.755198833575
-0.238965626589;-0.780926845206
-0.15660289996;-0.798846389255
-0.0842538624464;-0.817189178664
6.33442187053e-16;-0.824759847921
0.0854107045044;-0.821319345012
0.174936013812;-0.805625920564
0.23459790716;-0.776490530668
0.339569995206;-0.782990864327
0.423542002958;-0.72527736436
0.47310574812;-0.722055114671
0.526909455301;-0.638029723665
0.570034717385;-0.633467295212
0.677674553651;-0.570118636574
0.740504497858;-0.45483650303
0.786723007768;-0.377449262558
0.764910777491;-0.327629347928
0.778512462455;-0.244082866659
0.842769167364;-0.157462041102
0.821444316529;-0.0823356632367
0.871893351101;-4.06513761076e-15
0.840258294424;0.0
0.831247684431;0.0813142097114
0.845716394293;0.159968591823
0.804793782886;0.242378062916
0.740652214666;0.321804661511
0.771709311708;0.40266217409
0.67430303747;0.493831318807
0.642243537326;0.526238181626
0.6141199002;0.600746087353
0.527259942955;0.642636257633
0.472963988377;0.683964172731
0.380755962;0.754706118091
0.330409482189;0.746784933624
0.239548820939;0.834593008317
0.171503016999;0.810869196051
0.0801485503462;0.841602159944
-3.4114702114e-16;0.849203557089
-0.0880496091209;0.871408838026
-0.165950264717;0.793366911905
-0.24613646971;0.803464904738
-0.33836254837;0.775295920134
-0.390080977952;0.783907661961
-0.493602925381;0.746717314582
-0.569813853456;0.662857040498
-0.583707111002;0.611984089279
-0.629897523858;0.534040482682
-0.720116424885;0.458066504093
-0.722865764174;0.405078906211
-0.772641507841;0.321229539699
-0.77542034314;0.241496616924
-0.806177879395;0.162090797136
-0.870373908222;0.0864606834845
-0.827950921183;-1.81760093094e-15
-0.800707423658;-0.0850484462445
-0.821207053319;-0.175042463897
-0.766189266772;-0.255618078914
-0.804227649805;-0.318348087422
-0.749744930855;-0.392710097394
-0.706034548005;-0.457494347207
-0.691064551225;-0.525883412001
-0.581926379663;-0.595933922555
-0.536786474707;-0.624813684665
-0.459378645347;-0.734225150505
-0.415539859988;-0.708874025899
-0.32589424211;-0.740091613299
-0.246446084456;-0.800557391545
-0.171663134481;-0.827859021974
-0.0794872674783;-0.821772889888
6.04014607041e-16;-0.806625714702
0.0858076597171;-0.797650425421
0.164568289316;-0.78922399266
0.243693769962;-0.855395922421
0.311354040293;-0.800576064337
0.39484486151;-0.790759666733
0.480301373697;-0.674344349779
0.516061249535;-0.665408813303
0.594763256686;-0.593950292884
0.693216052844;-0.524138468367
0.7126752263;-0.495752138817
0.718431974516;-0.406295560056
0.754975600801;-0.315836478004
0.859775240933;-0.244262755745
0.805396916611;-0.158181281749
0.87751902536;-0.0823282126617
0.808898440459;-4.03635350077e-15
0.877315157185;0.0
0.800929007775;0.0815490094125
0.818508389359;0.165971239601
0.787844760861;0.258064491759
0.749799126874;0.314625762659
0.732341592254;0.413685552708
0.72270516568;0.447061094532
0.650395117416;0.529706306489
0.612188695887;0.597540277836
0.51599060882;0.656221985844
0.479133055454;0.744017614842
0.386874873147;0.746525148019
0.319063754182;0.755538987633
0.243869709703;0.832684135397
0.15696737768;0.805108817606
0.0799859139098;0.884823647919
-3.29913928423e-16;0.827714348286
-0.0802198522981;0.810477903078
-0.170977133158;0.806064014233
-0.239971452154;0.838821533604
-0.306569020214;0.808514179401
-0.39040624609;0.726922864564
-0.480037336953;0.722322705154
-0.562803401622;0.671861662113
-0.586247846333;0.570293053336
-0.627639196888;0.561369778379
-0.741306402265;0.488074062158
-0.763358357351;0.395555577514
-0.789182308158;0.307094459151
-0.818258606498;0.245248539826
-0.822002305961;0.157155832608
-0.884134121706;0.0875871038452
-0.874629313816;-1.82501232595e-15
-0.848901031257;-0.0806234120339
-0.85730520203;-0.156354419797
-0.845876881211;-0.246296175528
-0.806641543213;-0.319327709803
-0.733384978424;-0.396845779548
-0.684623400891;-0.495925458802
-0.663707590019;-0.569801017829
-0.578810382773;-0.60203253626
-0.522543073285;-0.650834542253
-0.483763036857;-0.677912996245
-0.385308781932;-0.735695633008
-0.311681091135;-0.753063207462
-0.243184536109;-0.823339224754
-0.168722167536;-0.841117505753
-0.0855807181293;-0.812258472366
6.15231348457e-16;-0.85402746915
0.0859195879081;-0.848925093193
0.171166645004;-0.846395989093
0.244511023087;-0.804499868635
0.306581585504;-0.7534441905
0.41382874027;-0.740827241372
0.452200569148;-0.686050765856
0.541215232253;-0.653492614596
0.604425151015;-0.628096043935
0.672463887307;-0.570853052853
0.744515632418;-0.446805034854
0.734496625443;-0.412465246761
0.772633185941;-0.340498676338
0.791123685111;-0.255033234637
0.848679575074;-0.161740835966
0.814869657935;-0.078523177406
0.801817976482;-4.08864814776e-15
0.839256362831;0.0
0.84377836091;0.0846978362213
0.85095148527;0.158730969756
0.802559350278;0.241733889901
0.820399604917;0.343746818694
0.774258689676;0.398546659723
0.710583365322;0.454293661497
0.67542437306;0.529480494199
0.574272744455;0.587853767653
0.546344356211;0.670112059391
0.473615515785;0.676263483136
0.422529250335;0.74341267328
0.323814296264;0.749726467292
0.258162956816;0.826820813383
0.166459300258;0.794457354009
0.0801800904881;0.796367964222
-3.28463268351e-16;0.863056212549
-0.084413580742;0.809154325066
-0.172730654618;0.872798606624
-0.232242687698;0.781337660473
-0.33621783757;0.830609453879
-0.400195262412;0.738397132324
-0.449473626663;0.691022582513
-0.56054492071;0.620715665669
-0.578357129801;0.574195197164
-0.665985506025;0.564449128878
-0.67986650876;0.469333184932
-0.790400439597;0.388127176272
-0.773914456657;0.319906273249
-0.836014052714;0.245671136412
-0.876906599078;0.157805796906
-0.843322334917;0.0843580587197
-0.88714102169;-1.77033991686e-15
-0.812089942581;-0.0827253723647
-0.825864841467;-0.158147033673
-0.837867814846;-0.23244342473
-0.764338733144;-0.327443235722
-0.769162307655;-0.420815185754
-0.727608112642;-0.444914322746
-0.691122923371;-0.516803042753
-0.605986095682;-0.616872910032
-0.540910860717;-0.661297688552
-0.484613613104;-0.720657931517
-0.390432381336;-0.714602822542
-0.331471200149;-0.765944963064
-0.241295690902;-0.78965484732
-0.165705561076;-0.800000063953
-0.0866706733932;-0.843629330068
5.96230879404e-16;-0.860893736181
0.0784214137651;-0.8396528254
0.159572691516;-0.853700097045
0.240982615193;-0.831781162146
0.309079441104;-0.775451335118
0.398280094065;-0.741179883321
0.475687552286;-0.740467510378
0.568860379225;-0.692897883246
0.609136745388;-0.592897215403
0.635937371468;-0.554678564646
0.671058339693;-0.466445852047
0.76702867706;-0.389232699019
0.797153021611;-0.314917638732
0.775175201916;-0.232473952515
0.881265652152;-0.172253263674
0.815662154765;-0.0838759026185
0.847928245393;-4.14128868512e-15
0.860521244439;0.0
0.872050862469;0.0856014725453
0.873173677274;0.162742121211
0.847343295284;0.23350475774
0.782435765197;0.309804822154
0.772855731129;0.413096048757
0.706758518768;0.462450983741
0.676479487809;0.523494352305
0.577820680615;0.604153479632
0.548237728546;0.631775987227
0.484861866539;0.719283311507
0.409435275844;0.718568863091
0.333746184501;0.807725560958
0.253556798526;0.843820565989
0.171510794466;0.829393655015
0.0840193734302;0.872107792754
-3.39180600574e-16;0.857322747107
-0.0797499326095;0.807272278632
-0.16911182495;0.869058666789
-0.25642147683;0.808107225224
-0.322627942856;0.79025505452
-0.403447687751;0.780911111348
-0.464099049742;0.693638170589
-0.514491640137;0.650609352246
-0.629934326771;0.591177480863
-0.628676691107;0.530420778558
-0.686892735859;0.499296925413
-0.754275459884;0.385666872435
-0.797794911133;0.30868026583
-0.794741160638;0.250205967177
-0.797342776254;0.165479704632
-0.873830377196;0.0797038755657
-0.82891512861;-1.85786654126e-15
-0.817400506862;-0.0870972740404
-0.864120338516;-0.157125907241
-0.842873442457;-0.245834236418
-0.831472654556;-0.309191193982
-0.786863405245;-0.389585286377
-0.680320636363;-0.496933705646
-0.628529920044;-0.525400051785
-0.61686574659;-0.570372074558
-0.515421592572;-0.671695617026
-0.464475572144;-0.726774940203
-0.3784379288;-0.75394535111
-0.311933516207;-0.781646989805
-0.244161025735;-0.794214359066
-0.167209966635;-0.820070756134
-0.0812388218736;-0.797901802454
6.10802360252e-16;-0.890753633787
0.0812250199871;-0.864469786203
0.159179853287;-0.879245382465
0.245967287345;-0.811762038576
0.326199336574;-0.771006781441
0.389352853539;-0.771593270948
0.470796932284;-0.674068699226
0.56859020502;-0.658554603706
0.62164108112;-0.575285700823
0.665963783921;-0.56564645011
0.724277791996;-0.495469208202
0.727394409414;-0.416242946177
0.761041929994;-0.337915814151
0.859022113422;-0.247102190766
0.805972032862;-0.156150715082
0.827173565491;-0.0847706729329
0.854963891541;-3.93571290253e-15
0.85629866966;0.0
0.862683547544;0.0804681529508
0.82566820837;0.160750559836
0.808676029769;0.256461421317
0.800521403476;0.315880536623
0.73961147505;0.416904730822
0.683076244399;0.456852842882
0.651018898243;0.559866785922
0.633987280576;0.620954913623
0.519756817676;0.625568208902
0.498290074733;0.670293473474
0.408537951958;0.780893547884
0.342559936664;0.745903067682
0.251083540441;0.796664054574
0.157401422596;0.854214272892
0.0805422633654;0.815962560847
-3.289906825e-16;0.867384639235
-0.0824470564626;0.812343439937
-0.170756997058;0.87470302617
-0.243801668888;0.765980614527
-0.332570998901;0.748119519703
-0.381665813737;0.784037725922
-0.466888701547;0.744332386005
-0.565354645887;0.630405498662
-0.598297670001;0.588597735718
-0.675470055429;0.569059124217
-0.724275396944;0.489069544245
-0.745871898531;0.421402017289
-0.795781781886;0.335592133458
-0.789527043276;0.252304791321
-0.820927005111;0.163439127796
-0.88764329782;0.0802606323184
-0.865010094596;-1.83817527737e-15
-0.841698076942;-0.085518305892
-0.88156345333;-0.166432715145
-0.79614039346;-0.259082110786
-0.787592794486;-0.312468319374
-0.742136940087;-0.397314532453
-0.707339278898;-0.46196647872
-0.637341888401;-0.541676525589
-0.580562361004;-0.578574724401
-0.522291316481;-0.648443178721
-0.464509224983;-0.705820980544
-0.397514696957;-0.736813919305
-0.323455083184;-0.770409787255
-0.250694214368;-0.822069332844
-0.161516731817;-0.797934589846
-0.0806873775934;-0.807291759145
6.11205210462e-16;-0.806587793788
0.0876364914802;-0.868384943728
0.171206758885;-0.85828701836
0.255038617287;-0.778092386353
0.341250265069;-0.813127215405
0.383542859355;-0.779003770684
0.49847888016;-0.686882597881
0.560707063163;-0.680471402502
0.580982261623;-0.598261703589
0.671445936582;-0.516210621883
0.670789742161;-0.451661265416
0.79087897679;-0.38886829424
0.763877454872;-0.326558228923
0.849496984507;-0.235808248338
0.800624045029;-0.17173240001
0.877371665051;-0.0797568900681
0.862046393734;-4.01640563213e-15
1.04802972061;0.0
1.04660478419;0.0997370148451
1.0470471273;0.198129963444
0.988542413111;0.296657193546
0.940608521257;0.420760284189
0.887357420982;0.48464073796
0.908627692922;0.563317445875
0.797860100921;0.681937417586
0.708250679956;0.73564376968
0.68397848671;0.820029526786
0.58503591802;0.893878572106
0.517955255348;0.928828425623
0.41673195407;0.968595011905
0.317802420893;1.02796386843
0.208999866094;1.06098957136
0.0991792633176;1.04648221947
-4.00166262521e-16;1.07111918475
-0.0980620949659;1.0636991435
-0.19641863591;1.05717215504
-0.294971647372;0.997488770693
-0.387070432055;0.936259193309
-0.508040549468;0.930155146638
-0.603605810035;0.83968878866
-0.683075773904;0.774803697482
-0.749130504453;0.763832888354
-0.812160911396;0.653234269699
-0.887671904878;0.57398844857
-0.938766543112;0.501832768696
-0.969014282057;0.417621896635
-1.002607584;0.303811191182
-1.00518425211;0.199466465967
-1.0860016972;0.106571672717
-1.07859284769;-2.14787889353e-15
-1.06512500476;-0.104087717609
-1.0223197766;-0.205079675268
-0.968794728751;-0.30812309505
-0.971279012903;-0.388197645332
-0.901336322796;-0.51388368614
-0.882089723119;-0.593401016086
-0.810669619499;-0.696071520591
-0.768738623988;-0.754247730377
-0.673110627561;-0.788109583884
-0.58808990986;-0.889845882193
-0.474928947805;-0.961341278742
-0.39944836768;-0.938375205997
-0.317318847258;-0.959968328243
-0.20657119352;-1.029938559
-0.106708843521;-1.03081544218
7.15923045093e-16;-1.00788454807
0.10598684333;-1.04638320925
0.195592314911;-1.00845266977
0.294374081197;-1.04178482118
0.408841569144;-0.967694654136
0.484597330717;-0.896596899846
0.560483099908;-0.865400543651
0.689018886171;-0.823287273818
0.722858928443;-0.744835904829
0.806030951447;-0.653787111888
0.874730769127;-0.581056403508
0.92858625219;-0.50171910797
0.99460019909;-0.395853263973
1.04291853439;-0.318023602356
1.03740608468;-0.214026907487
1.0891038006;-0.106012717575
1.0032158432;-4.71181969837e-15
